#GaAs-6K
#363
#--------------------------
#   E             mu
1.162679e+01   1.092291e+00
1.162091e+01   1.094805e+00
1.161504e+01   1.097666e+00
1.160917e+01   1.099533e+00
1.160331e+01   1.103689e+00
1.159746e+01   1.104972e+00
1.159161e+01   1.106981e+00
1.158577e+01   1.107767e+00
1.157994e+01   1.109478e+00
1.157411e+01   1.112638e+00
1.156828e+01   1.115207e+00
1.156247e+01   1.117180e+00
1.155666e+01   1.119313e+00
1.155085e+01   1.120659e+00
1.154505e+01   1.122348e+00
1.153926e+01   1.125193e+00
1.153347e+01   1.126062e+00
1.152769e+01   1.127657e+00
1.152191e+01   1.129907e+00
1.151614e+01   1.132216e+00
1.151038e+01   1.134776e+00
1.150462e+01   1.137562e+00
1.149887e+01   1.140624e+00
1.149312e+01   1.142619e+00
1.148738e+01   1.143558e+00
1.148164e+01   1.144009e+00
1.147592e+01   1.145493e+00
1.147019e+01   1.147167e+00
1.146447e+01   1.149166e+00
1.145876e+01   1.150733e+00
1.145306e+01   1.154369e+00
1.144736e+01   1.157975e+00
1.144166e+01   1.160482e+00
1.143597e+01   1.163244e+00
1.143029e+01   1.165921e+00
1.142461e+01   1.167708e+00
1.141894e+01   1.170229e+00
1.141327e+01   1.175910e+00
1.140761e+01   1.177159e+00
1.140196e+01   1.178191e+00
1.139631e+01   1.180093e+00
1.139067e+01   1.183309e+00
1.138503e+01   1.186058e+00
1.137940e+01   1.188415e+00
1.137377e+01   1.190718e+00
1.136815e+01   1.192130e+00
1.136254e+01   1.193542e+00
1.135693e+01   1.193602e+00
1.135132e+01   1.197578e+00
1.134573e+01   1.196639e+00
1.134013e+01   1.197863e+00
1.133455e+01   1.200520e+00
1.132897e+01   1.203280e+00
1.132339e+01   1.204678e+00
1.131782e+01   1.205343e+00
1.131226e+01   1.208166e+00
1.130670e+01   1.210218e+00
1.130114e+01   1.211841e+00
1.129560e+01   1.211315e+00
1.129005e+01   1.216038e+00
1.128452e+01   1.220762e+00
1.127899e+01   1.222227e+00
1.127346e+01   1.226133e+00
1.126794e+01   1.229049e+00
1.126243e+01   1.231633e+00
1.125692e+01   1.234576e+00
1.125141e+01   1.236867e+00
1.124591e+01   1.238785e+00
1.124042e+01   1.241276e+00
1.123493e+01   1.242918e+00
1.122945e+01   1.245784e+00
1.122398e+01   1.249550e+00
1.121850e+01   1.251619e+00
1.121304e+01   1.254869e+00
1.120758e+01   1.258777e+00
1.120212e+01   1.260850e+00
1.119667e+01   1.262702e+00
1.119123e+01   1.263849e+00
1.118579e+01   1.265496e+00
1.118036e+01   1.267050e+00
1.117493e+01   1.268904e+00
1.116951e+01   1.270228e+00
1.116409e+01   1.271581e+00
1.115868e+01   1.271166e+00
1.115327e+01   1.270518e+00
1.114787e+01   1.269523e+00
1.114247e+01   1.269718e+00
1.113708e+01   1.274815e+00
1.113170e+01   1.278943e+00
1.112632e+01   1.281009e+00
1.112094e+01   1.287511e+00
1.111557e+01   1.294970e+00
1.111021e+01   1.301877e+00
1.110485e+01   1.305781e+00
1.109950e+01   1.306900e+00
1.109415e+01   1.307941e+00
1.108880e+01   1.307499e+00
1.108347e+01   1.309909e+00
1.107813e+01   1.313845e+00
1.107280e+01   1.318271e+00
1.106748e+01   1.320775e+00
1.106217e+01   1.320596e+00
1.105685e+01   1.318790e+00
1.105155e+01   1.320984e+00
1.104624e+01   1.325828e+00
1.104095e+01   1.328280e+00
1.103566e+01   1.331541e+00
1.103037e+01   1.335955e+00
1.102509e+01   1.340120e+00
1.101981e+01   1.345787e+00
1.101454e+01   1.346745e+00
1.100928e+01   1.344800e+00
1.100402e+01   1.339114e+00
1.099876e+01   1.333900e+00
1.099351e+01   1.326771e+00
1.098827e+01   1.329153e+00
1.098303e+01   1.338770e+00
1.097779e+01   1.351353e+00
1.097256e+01   1.357146e+00
1.096838e+01   1.357391e+00
1.096420e+01   1.357979e+00
1.096003e+01   1.362417e+00
1.095586e+01   1.370057e+00
1.095169e+01   1.378515e+00
1.094753e+01   1.384068e+00
1.094337e+01   1.385024e+00
1.093921e+01   1.386876e+00
1.093505e+01   1.387624e+00
1.093090e+01   1.391362e+00
1.092675e+01   1.394859e+00
1.092261e+01   1.395079e+00
1.091847e+01   1.392746e+00
1.091433e+01   1.390854e+00
1.091019e+01   1.390967e+00
1.090606e+01   1.392009e+00
1.090193e+01   1.395063e+00
1.089781e+01   1.397819e+00
1.089368e+01   1.397717e+00
1.088956e+01   1.389909e+00
1.088545e+01   1.384163e+00
1.088133e+01   1.393617e+00
1.087722e+01   1.405812e+00
1.087312e+01   1.412498e+00
1.086901e+01   1.413679e+00
1.086491e+01   1.407610e+00
1.086082e+01   1.402442e+00
1.085672e+01   1.395785e+00
1.085263e+01   1.399775e+00
1.084854e+01   1.408147e+00
1.084446e+01   1.415262e+00
1.084038e+01   1.421705e+00
1.083630e+01   1.425502e+00
1.083222e+01   1.427508e+00
1.082815e+01   1.429137e+00
1.082408e+01   1.432767e+00
1.082001e+01   1.439674e+00
1.081595e+01   1.447615e+00
1.081189e+01   1.453205e+00
1.080783e+01   1.453109e+00
1.080378e+01   1.457286e+00
1.079973e+01   1.465893e+00
1.079568e+01   1.469686e+00
1.079164e+01   1.466323e+00
1.078760e+01   1.465420e+00
1.078356e+01   1.461955e+00
1.077952e+01   1.465696e+00
1.077549e+01   1.478954e+00
1.077146e+01   1.483372e+00
1.076744e+01   1.471528e+00
1.076341e+01   1.446410e+00
1.075939e+01   1.424252e+00
1.075538e+01   1.417265e+00
1.075136e+01   1.431092e+00
1.074735e+01   1.449899e+00
1.074334e+01   1.458155e+00
1.073934e+01   1.457568e+00
1.073534e+01   1.464034e+00
1.073134e+01   1.482544e+00
1.072734e+01   1.501407e+00
1.072335e+01   1.510990e+00
1.071936e+01   1.510499e+00
1.071537e+01   1.501883e+00
1.071139e+01   1.497122e+00
1.070741e+01   1.498150e+00
1.070343e+01   1.504892e+00
1.069946e+01   1.508993e+00
1.069549e+01   1.504341e+00
1.069152e+01   1.501999e+00
1.068755e+01   1.514052e+00
1.068359e+01   1.526299e+00
1.067963e+01   1.539018e+00
1.067568e+01   1.538367e+00
1.067172e+01   1.546543e+00
1.066777e+01   1.553998e+00
1.066382e+01   1.543679e+00
1.065988e+01   1.525911e+00
1.065594e+01   1.510644e+00
1.065200e+01   1.488858e+00
1.064806e+01   1.464349e+00
1.064413e+01   1.458362e+00
1.064020e+01   1.469224e+00
1.063627e+01   1.492863e+00
1.063235e+01   1.519784e+00
1.062843e+01   1.540649e+00
1.062451e+01   1.560523e+00
1.062060e+01   1.574481e+00
1.061668e+01   1.570054e+00
1.061277e+01   1.565798e+00
1.060887e+01   1.584291e+00
1.060497e+01   1.605644e+00
1.060106e+01   1.602247e+00
1.059717e+01   1.575219e+00
1.059327e+01   1.560777e+00
1.058938e+01   1.560611e+00
1.058549e+01   1.561179e+00
1.058161e+01   1.564959e+00
1.057772e+01   1.584617e+00
1.057384e+01   1.598126e+00
1.056997e+01   1.584569e+00
1.056609e+01   1.556902e+00
1.056222e+01   1.526979e+00
1.055835e+01   1.530475e+00
1.055449e+01   1.542754e+00
1.055062e+01   1.545806e+00
1.054676e+01   1.546300e+00
1.054291e+01   1.556529e+00
1.053905e+01   1.576095e+00
1.053520e+01   1.594126e+00
1.053135e+01   1.619617e+00
1.052751e+01   1.633111e+00
1.052367e+01   1.645624e+00
1.051983e+01   1.651812e+00
1.051599e+01   1.647008e+00
1.051216e+01   1.647727e+00
1.050832e+01   1.634509e+00
1.050450e+01   1.606943e+00
1.050067e+01   1.580833e+00
1.049685e+01   1.559462e+00
1.049303e+01   1.555563e+00
1.048921e+01   1.557352e+00
1.048540e+01   1.570469e+00
1.048158e+01   1.615294e+00
1.047778e+01   1.643730e+00
1.047397e+01   1.618163e+00
1.047207e+01   1.604037e+00
1.047017e+01   1.596178e+00
1.046827e+01   1.597290e+00
1.046637e+01   1.607444e+00
1.046447e+01   1.622601e+00
1.046257e+01   1.633783e+00
1.046067e+01   1.639488e+00
1.045878e+01   1.642875e+00
1.045688e+01   1.647032e+00
1.045498e+01   1.651859e+00
1.045309e+01   1.657433e+00
1.045120e+01   1.664703e+00
1.044930e+01   1.671292e+00
1.044741e+01   1.671111e+00
1.044552e+01   1.660411e+00
1.044363e+01   1.640661e+00
1.044174e+01   1.617939e+00
1.043985e+01   1.600554e+00
1.043796e+01   1.593912e+00
1.043607e+01   1.598809e+00
1.043418e+01   1.610932e+00
1.043229e+01   1.623343e+00
1.043041e+01   1.636051e+00
1.042852e+01   1.652616e+00
1.042664e+01   1.669474e+00
1.042475e+01   1.668637e+00
1.042287e+01   1.651547e+00
1.042098e+01   1.638196e+00
1.041910e+01   1.632956e+00
1.041722e+01   1.631930e+00
1.041534e+01   1.629415e+00
1.041346e+01   1.624491e+00
1.041158e+01   1.619485e+00
1.040970e+01   1.614676e+00
1.040782e+01   1.606909e+00
1.040595e+01   1.593005e+00
1.040407e+01   1.586628e+00
1.040219e+01   1.599426e+00
1.040032e+01   1.612311e+00
1.039844e+01   1.610514e+00
1.039657e+01   1.602031e+00
1.039470e+01   1.587954e+00
1.039282e+01   1.583349e+00
1.039095e+01   1.584034e+00
1.038908e+01   1.595728e+00
1.038721e+01   1.709182e+00
1.038534e+01   1.899165e+00
1.038347e+01   1.891126e+00
1.038160e+01   1.850398e+00
1.037973e+01   1.914921e+00
1.037787e+01   2.110972e+00
1.037600e+01   2.113538e+00
1.037413e+01   1.405909e+00
1.037227e+01   7.570927e-01
1.037041e+01   5.451639e-01
1.036854e+01   4.775383e-01
1.036668e+01   4.462338e-01
1.036482e+01   4.291643e-01
1.036295e+01   4.181242e-01
1.036109e+01   4.108901e-01
1.035923e+01   4.057918e-01
1.035737e+01   4.022800e-01
1.035551e+01   3.996651e-01
1.035366e+01   3.976485e-01
1.035180e+01   3.961999e-01
1.034994e+01   3.950900e-01
1.034809e+01   3.940787e-01
1.034623e+01   3.933929e-01
1.034438e+01   3.929106e-01
1.034252e+01   3.926076e-01
1.034067e+01   3.924045e-01
1.033881e+01   3.922960e-01
1.033696e+01   3.923268e-01
1.033511e+01   3.923335e-01
1.033326e+01   3.924153e-01
1.033141e+01   3.925825e-01
1.032956e+01   3.926606e-01
1.032771e+01   3.927477e-01
1.032586e+01   3.929900e-01
1.032402e+01   3.933004e-01
1.031663e+01   3.947377e-01
1.030926e+01   3.964354e-01
1.030190e+01   3.978806e-01
1.029455e+01   3.994884e-01
1.028721e+01   4.010445e-01
1.027988e+01   4.032563e-01
1.027256e+01   4.050259e-01
1.026525e+01   4.072448e-01
1.025795e+01   4.093092e-01
1.025067e+01   4.110208e-01
1.024339e+01   4.132557e-01
1.023613e+01   4.151786e-01
1.022887e+01   4.175839e-01
1.022162e+01   4.195596e-01
1.021439e+01   4.217446e-01
1.020717e+01   4.239303e-01
1.019995e+01   4.259643e-01
1.019275e+01   4.281892e-01
1.018556e+01   4.300917e-01
1.017837e+01   4.321097e-01
1.017120e+01   4.343432e-01
1.016404e+01   4.365623e-01
1.015689e+01   4.389698e-01
1.014975e+01   4.411247e-01
1.014262e+01   4.432704e-01
1.013549e+01   4.454180e-01
1.012838e+01   4.475753e-01
1.012128e+01   4.497696e-01
1.011419e+01   4.520779e-01
1.010711e+01   4.542389e-01
1.010004e+01   4.564527e-01
1.009298e+01   4.588306e-01
1.008593e+01   4.609618e-01
1.007889e+01   4.632910e-01
1.007186e+01   4.654988e-01
1.006484e+01   4.676870e-01
1.005783e+01   4.697429e-01
1.005083e+01   4.721647e-01
1.004384e+01   4.747286e-01
