# ENERGY     XMU  I0   THETA
#-------------------
#  my.1      tmp.xafs  my.8      my.2
        0.1796957E+05     0.1542882E+00     0.5362100E+05     0.1035000E+02
        0.1797215E+05     0.1519408E+00     0.5241200E+05     0.1034850E+02
        0.1797473E+05     0.1562487E+00     0.5605000E+05     0.1034700E+02
        0.1797731E+05     0.1551552E+00     0.5944700E+05     0.1034549E+02
        0.1797990E+05     0.1592289E+00     0.6101300E+05     0.1034399E+02
        0.1798248E+05     0.1598082E+00     0.6149200E+05     0.1034249E+02
        0.1798506E+05     0.1590316E+00     0.6133700E+05     0.1034099E+02
        0.1798765E+05     0.1606590E+00     0.6098100E+05     0.1033949E+02
        0.1799023E+05     0.1582807E+00     0.6047100E+05     0.1033798E+02
        0.1799282E+05     0.1600127E+00     0.5975500E+05     0.1033648E+02
        0.1799541E+05     0.1586123E+00     0.5984000E+05     0.1033498E+02
        0.1799799E+05     0.1613446E+00     0.5915300E+05     0.1033348E+02
        0.1800058E+05     0.1555114E+00     0.5874600E+05     0.1033197E+02
        0.1800317E+05     0.1580024E+00     0.5890200E+05     0.1033047E+02
        0.1800576E+05     0.1579105E+00     0.5877000E+05     0.1032897E+02
        0.1800835E+05     0.1550940E+00     0.5901200E+05     0.1032747E+02
        0.1801094E+05     0.1578486E+00     0.5900100E+05     0.1032597E+02
        0.1801354E+05     0.1550117E+00     0.5928800E+05     0.1032446E+02
        0.1801613E+05     0.1606891E+00     0.5893700E+05     0.1032296E+02
        0.1801872E+05     0.1630235E+00     0.5921600E+05     0.1032146E+02
        0.1802131E+05     0.1646462E+00     0.5816600E+05     0.1031996E+02
        0.1802391E+05     0.1643405E+00     0.5791900E+05     0.1031846E+02
        0.1802651E+05     0.1596911E+00     0.5647400E+05     0.1031695E+02
        0.1802910E+05     0.1627201E+00     0.5613600E+05     0.1031545E+02
        0.1803170E+05     0.1691421E+00     0.5583500E+05     0.1031395E+02
        0.1803430E+05     0.1722071E+00     0.5532600E+05     0.1031245E+02
        0.1803690E+05     0.1712881E+00     0.5564000E+05     0.1031094E+02
        0.1803950E+05     0.1727068E+00     0.5534300E+05     0.1030944E+02
        0.1804210E+05     0.1741431E+00     0.5548300E+05     0.1030794E+02
        0.1804470E+05     0.1717116E+00     0.5487600E+05     0.1030644E+02
        0.1804730E+05     0.1790487E+00     0.5502300E+05     0.1030494E+02
        0.1804990E+05     0.1802713E+00     0.5449700E+05     0.1030343E+02
        0.1805251E+05     0.1788924E+00     0.5388100E+05     0.1030193E+02
        0.1805511E+05     0.1861875E+00     0.5371600E+05     0.1030043E+02
        0.1805772E+05     0.1853708E+00     0.5360300E+05     0.1029893E+02
        0.1806032E+05     0.1803671E+00     0.5266700E+05     0.1029743E+02
        0.1806293E+05     0.1887798E+00     0.5197000E+05     0.1029592E+02
        0.1806554E+05     0.1926046E+00     0.5198500E+05     0.1029442E+02
        0.1806814E+05     0.2021640E+00     0.5170700E+05     0.1029292E+02
        0.1807075E+05     0.2162728E+00     0.5132400E+05     0.1029142E+02
        0.1807336E+05     0.2427851E+00     0.5119700E+05     0.1028992E+02
        0.1807597E+05     0.2782636E+00     0.5062000E+05     0.1028841E+02
        0.1807858E+05     0.3331657E+00     0.5040600E+05     0.1028691E+02
        0.1808120E+05     0.4220251E+00     0.5030700E+05     0.1028541E+02
        0.1808381E+05     0.5414779E+00     0.4974300E+05     0.1028391E+02
        0.1808642E+05     0.6072039E+00     0.5000400E+05     0.1028240E+02
        0.1808904E+05     0.5859713E+00     0.4994400E+05     0.1028090E+02
        0.1809165E+05     0.5301469E+00     0.4993000E+05     0.1027940E+02
        0.1809427E+05     0.4727715E+00     0.4971700E+05     0.1027790E+02
        0.1809688E+05     0.4292545E+00     0.4944100E+05     0.1027640E+02
        0.1809950E+05     0.4025514E+00     0.4920000E+05     0.1027489E+02
        0.1810212E+05     0.3917125E+00     0.4834000E+05     0.1027339E+02
        0.1810474E+05     0.3975497E+00     0.4898900E+05     0.1027189E+02
        0.1810736E+05     0.3949146E+00     0.4836100E+05     0.1027039E+02
        0.1810998E+05     0.3964491E+00     0.4852600E+05     0.1026888E+02
        0.1811260E+05     0.4006595E+00     0.4867400E+05     0.1026738E+02
        0.1811522E+05     0.4090591E+00     0.4876400E+05     0.1026588E+02
        0.1811784E+05     0.4169398E+00     0.4891300E+05     0.1026438E+02
        0.1812046E+05     0.4296557E+00     0.4912700E+05     0.1026288E+02
        0.1812309E+05     0.4371718E+00     0.4908100E+05     0.1026137E+02
        0.1812572E+05     0.4295723E+00     0.4948300E+05     0.1025987E+02
        0.1812834E+05     0.4352913E+00     0.4938300E+05     0.1025837E+02
        0.1813097E+05     0.4260134E+00     0.4950500E+05     0.1025687E+02
        0.1813359E+05     0.4292673E+00     0.4917700E+05     0.1025537E+02
        0.1813622E+05     0.4236300E+00     0.4903800E+05     0.1025386E+02
        0.1813885E+05     0.4151444E+00     0.4901600E+05     0.1025236E+02
        0.1814148E+05     0.4040912E+00     0.4804100E+05     0.1025086E+02
        0.1814411E+05     0.4104382E+00     0.4803000E+05     0.1024936E+02
        0.1814674E+05     0.4018198E+00     0.4785000E+05     0.1024785E+02
        0.1814938E+05     0.4069043E+00     0.4778000E+05     0.1024635E+02
        0.1815201E+05     0.4073845E+00     0.4804000E+05     0.1024485E+02
        0.1815464E+05     0.4060361E+00     0.4800200E+05     0.1024335E+02
        0.1815728E+05     0.4082456E+00     0.4786500E+05     0.1024185E+02
        0.1815991E+05     0.4053397E+00     0.4823900E+05     0.1024034E+02
        0.1816254E+05     0.4061451E+00     0.4793700E+05     0.1023884E+02
        0.1816518E+05     0.4058494E+00     0.4779900E+05     0.1023734E+02
        0.1816782E+05     0.4075946E+00     0.4812400E+05     0.1023584E+02
        0.1817046E+05     0.4065022E+00     0.4786200E+05     0.1023433E+02
        0.1817310E+05     0.4101139E+00     0.4810600E+05     0.1023283E+02
        0.1817574E+05     0.4137819E+00     0.4810500E+05     0.1023133E+02
        0.1817838E+05     0.4152339E+00     0.4820800E+05     0.1022983E+02
        0.1818102E+05     0.4175472E+00     0.4824000E+05     0.1022833E+02
        0.1818366E+05     0.4244472E+00     0.4808100E+05     0.1022682E+02
        0.1818630E+05     0.4216022E+00     0.4785800E+05     0.1022532E+02
        0.1818895E+05     0.4191086E+00     0.4735000E+05     0.1022382E+02
        0.1819159E+05     0.4202591E+00     0.4741400E+05     0.1022232E+02
        0.1819424E+05     0.4292398E+00     0.4742300E+05     0.1022082E+02
        0.1819688E+05     0.4185568E+00     0.4744700E+05     0.1021931E+02
        0.1819953E+05     0.4202316E+00     0.4806300E+05     0.1021781E+02
        0.1820218E+05     0.4209748E+00     0.4820900E+05     0.1021631E+02
        0.1820482E+05     0.4208037E+00     0.4864800E+05     0.1021481E+02
        0.1820747E+05     0.4236430E+00     0.4851300E+05     0.1021331E+02
        0.1821012E+05     0.4257940E+00     0.4881500E+05     0.1021180E+02
        0.1821278E+05     0.4174721E+00     0.4866700E+05     0.1021030E+02
        0.1821543E+05     0.4114185E+00     0.4853600E+05     0.1020880E+02
        0.1821808E+05     0.4090106E+00     0.4811500E+05     0.1020730E+02
        0.1822073E+05     0.4143066E+00     0.4825400E+05     0.1020579E+02
        0.1822338E+05     0.4096995E+00     0.4797200E+05     0.1020429E+02
        0.1822604E+05     0.4085533E+00     0.4755900E+05     0.1020279E+02
        0.1822870E+05     0.4124528E+00     0.4737200E+05     0.1020129E+02
        0.1823135E+05     0.4062937E+00     0.4724500E+05     0.1019979E+02
        0.1823401E+05     0.4022947E+00     0.4734700E+05     0.1019828E+02
        0.1823667E+05     0.4101534E+00     0.4684500E+05     0.1019678E+02
        0.1823932E+05     0.4039806E+00     0.4688700E+05     0.1019528E+02
        0.1824198E+05     0.4067510E+00     0.4740000E+05     0.1019378E+02
        0.1824464E+05     0.4112448E+00     0.4761400E+05     0.1019228E+02
        0.1824730E+05     0.4121006E+00     0.4793600E+05     0.1019077E+02
        0.1824996E+05     0.4113936E+00     0.4783900E+05     0.1018927E+02
        0.1825263E+05     0.4175565E+00     0.4805200E+05     0.1018777E+02
        0.1825529E+05     0.4198044E+00     0.4763800E+05     0.1018627E+02
        0.1825796E+05     0.4165450E+00     0.4737100E+05     0.1018476E+02
        0.1826062E+05     0.4141017E+00     0.4726400E+05     0.1018326E+02
        0.1826329E+05     0.4130614E+00     0.4647900E+05     0.1018176E+02
        0.1826595E+05     0.4104903E+00     0.4661300E+05     0.1018026E+02
        0.1826862E+05     0.4137636E+00     0.4661400E+05     0.1017876E+02
        0.1827129E+05     0.4019941E+00     0.4651300E+05     0.1017725E+02
        0.1827396E+05     0.4088210E+00     0.4609000E+05     0.1017575E+02
        0.1827663E+05     0.4150121E+00     0.4657300E+05     0.1017425E+02
        0.1827930E+05     0.4147187E+00     0.4618600E+05     0.1017275E+02
        0.1828197E+05     0.4040346E+00     0.4663600E+05     0.1017125E+02
        0.1828464E+05     0.4072758E+00     0.4658500E+05     0.1016974E+02
        0.1828731E+05     0.4120809E+00     0.4696100E+05     0.1016824E+02
        0.1828999E+05     0.4130428E+00     0.4678800E+05     0.1016674E+02
        0.1829266E+05     0.4085127E+00     0.4659800E+05     0.1016524E+02
        0.1829534E+05     0.4153892E+00     0.4687100E+05     0.1016373E+02
        0.1829801E+05     0.4094234E+00     0.4621300E+05     0.1016223E+02
        0.1830069E+05     0.4114371E+00     0.4637600E+05     0.1016073E+02
        0.1830337E+05     0.4088250E+00     0.4582000E+05     0.1015923E+02
        0.1830604E+05     0.4063893E+00     0.4569600E+05     0.1015773E+02
        0.1830872E+05     0.4108939E+00     0.4587100E+05     0.1015622E+02
        0.1831140E+05     0.4098016E+00     0.4535300E+05     0.1015472E+02
        0.1831409E+05     0.4069340E+00     0.4541100E+05     0.1015322E+02
        0.1831677E+05     0.4056561E+00     0.4543100E+05     0.1015172E+02
        0.1831945E+05     0.4047216E+00     0.4547000E+05     0.1015022E+02
        0.1832213E+05     0.4092801E+00     0.4581300E+05     0.1014871E+02
        0.1832481E+05     0.4094681E+00     0.4566400E+05     0.1014721E+02
        0.1832750E+05     0.4100721E+00     0.4602600E+05     0.1014571E+02
        0.1833018E+05     0.4082096E+00     0.4585100E+05     0.1014421E+02
        0.1833287E+05     0.4114552E+00     0.4610100E+05     0.1014270E+02
        0.1833556E+05     0.4090791E+00     0.4569700E+05     0.1014120E+02
        0.1833825E+05     0.4016276E+00     0.4611600E+05     0.1013970E+02
        0.1834094E+05     0.4055511E+00     0.4553300E+05     0.1013820E+02
        0.1834363E+05     0.4058465E+00     0.4572700E+05     0.1013670E+02
        0.1834631E+05     0.4041624E+00     0.4508900E+05     0.1013519E+02
        0.1834900E+05     0.3994989E+00     0.4504400E+05     0.1013369E+02
        0.1835170E+05     0.4035406E+00     0.4498000E+05     0.1013219E+02
        0.1835439E+05     0.4032861E+00     0.4515900E+05     0.1013069E+02
        0.1835708E+05     0.4084180E+00     0.4524600E+05     0.1012919E+02
        0.1835978E+05     0.4073553E+00     0.4536400E+05     0.1012768E+02
        0.1836247E+05     0.4085296E+00     0.4588900E+05     0.1012618E+02
        0.1836517E+05     0.4122377E+00     0.4586700E+05     0.1012468E+02
        0.1836787E+05     0.4083776E+00     0.4631500E+05     0.1012318E+02
        0.1837056E+05     0.4142538E+00     0.4626200E+05     0.1012167E+02
        0.1837326E+05     0.4122518E+00     0.4602900E+05     0.1012017E+02
        0.1837596E+05     0.4122520E+00     0.4610900E+05     0.1011867E+02
        0.1837866E+05     0.4157982E+00     0.4568800E+05     0.1011717E+02
        0.1838136E+05     0.4088081E+00     0.4530600E+05     0.1011567E+02
        0.1838406E+05     0.4095218E+00     0.4488300E+05     0.1011416E+02
        0.1838677E+05     0.4032342E+00     0.4441900E+05     0.1011266E+02
        0.1838947E+05     0.4001763E+00     0.4437800E+05     0.1011116E+02
        0.1839217E+05     0.4014233E+00     0.4447200E+05     0.1010966E+02
        0.1839488E+05     0.3986395E+00     0.4447000E+05     0.1010816E+02
        0.1839758E+05     0.4005484E+00     0.4438100E+05     0.1010665E+02
        0.1840029E+05     0.3946106E+00     0.4402800E+05     0.1010515E+02
        0.1840300E+05     0.3997129E+00     0.4327800E+05     0.1010365E+02
        0.1840571E+05     0.3636581E+00     0.3433200E+05     0.1010215E+02
        0.1840841E+05     0.4068114E+00     0.4567600E+05     0.1010064E+02
        0.1841112E+05     0.4113718E+00     0.4615900E+05     0.1009914E+02
        0.1841383E+05     0.4110766E+00     0.4616600E+05     0.1009764E+02
        0.1841654E+05     0.4129327E+00     0.4610500E+05     0.1009614E+02
        0.1841926E+05     0.4131759E+00     0.4594400E+05     0.1009464E+02
        0.1842197E+05     0.4118892E+00     0.4626300E+05     0.1009313E+02
        0.1842468E+05     0.4127471E+00     0.4582200E+05     0.1009163E+02
        0.1842740E+05     0.4068944E+00     0.4571300E+05     0.1009013E+02
        0.1843011E+05     0.4117317E+00     0.4555100E+05     0.1008863E+02
        0.1843283E+05     0.4048094E+00     0.4516400E+05     0.1008712E+02
        0.1843555E+05     0.4096148E+00     0.4501900E+05     0.1008562E+02
        0.1843827E+05     0.4122205E+00     0.4493100E+05     0.1008412E+02
        0.1844098E+05     0.4157316E+00     0.4476800E+05     0.1008262E+02
        0.1844370E+05     0.4109549E+00     0.4509100E+05     0.1008112E+02
        0.1844642E+05     0.4059468E+00     0.4463900E+05     0.1007961E+02
        0.1844914E+05     0.4058530E+00     0.4493300E+05     0.1007811E+02
        0.1845186E+05     0.4046225E+00     0.4496600E+05     0.1007661E+02
        0.1845459E+05     0.4078001E+00     0.4527100E+05     0.1007511E+02
        0.1845731E+05     0.4020737E+00     0.4506900E+05     0.1007361E+02
        0.1846004E+05     0.4020434E+00     0.4486000E+05     0.1007210E+02
        0.1846276E+05     0.4059140E+00     0.4532800E+05     0.1007060E+02
        0.1846549E+05     0.4019811E+00     0.4503800E+05     0.1006910E+02
        0.1846821E+05     0.4021972E+00     0.4480600E+05     0.1006760E+02
        0.1847094E+05     0.4042615E+00     0.4496500E+05     0.1006610E+02
        0.1847367E+05     0.4030150E+00     0.4498500E+05     0.1006459E+02
        0.1847640E+05     0.4084994E+00     0.4477000E+05     0.1006309E+02
        0.1847913E+05     0.4052910E+00     0.4455800E+05     0.1006159E+02
        0.1848186E+05     0.4097097E+00     0.4449700E+05     0.1006009E+02
        0.1848459E+05     0.4053860E+00     0.4420400E+05     0.1005858E+02
        0.1848732E+05     0.4065181E+00     0.4461100E+05     0.1005708E+02
        0.1849006E+05     0.4046530E+00     0.4448300E+05     0.1005558E+02
        0.1849279E+05     0.4027627E+00     0.4469900E+05     0.1005408E+02
        0.1849553E+05     0.4079366E+00     0.4479600E+05     0.1005258E+02
        0.1849826E+05     0.4096073E+00     0.4533700E+05     0.1005107E+02
        0.1850100E+05     0.4169952E+00     0.4538900E+05     0.1004957E+02
        0.1850373E+05     0.4101278E+00     0.4507900E+05     0.1004807E+02
        0.1850647E+05     0.3944412E+00     0.4508200E+05     0.1004657E+02
        0.1850921E+05     0.4096239E+00     0.4536500E+05     0.1004506E+02
        0.1851195E+05     0.4071161E+00     0.4491900E+05     0.1004356E+02
        0.1851469E+05     0.4055158E+00     0.4467200E+05     0.1004206E+02
        0.1851743E+05     0.4101276E+00     0.4462500E+05     0.1004056E+02
        0.1852018E+05     0.4049451E+00     0.4457500E+05     0.1003906E+02
        0.1852292E+05     0.4047574E+00     0.4520500E+05     0.1003755E+02
        0.1852566E+05     0.4070664E+00     0.4574300E+05     0.1003605E+02
        0.1852841E+05     0.4055120E+00     0.4568800E+05     0.1003455E+02
        0.1853115E+05     0.4091802E+00     0.4575400E+05     0.1003305E+02
        0.1853390E+05     0.4056661E+00     0.4612600E+05     0.1003155E+02
        0.1853665E+05     0.4121595E+00     0.4596100E+05     0.1003004E+02
        0.1853940E+05     0.4102762E+00     0.4586000E+05     0.1002854E+02
        0.1854214E+05     0.4053721E+00     0.4581900E+05     0.1002704E+02
        0.1854489E+05     0.4107835E+00     0.4583800E+05     0.1002554E+02
        0.1854765E+05     0.4094701E+00     0.4535500E+05     0.1002404E+02
        0.1855040E+05     0.4027405E+00     0.4563200E+05     0.1002253E+02
        0.1855315E+05     0.4028773E+00     0.4557000E+05     0.1002103E+02
        0.1855590E+05     0.4119238E+00     0.4520900E+05     0.1001953E+02
        0.1855866E+05     0.4050505E+00     0.4470600E+05     0.1001803E+02
        0.1856141E+05     0.4056012E+00     0.4453300E+05     0.1001652E+02
        0.1856417E+05     0.3995495E+00     0.4457100E+05     0.1001502E+02
        0.1856692E+05     0.4027080E+00     0.4445000E+05     0.1001352E+02
        0.1856968E+05     0.4030181E+00     0.4433600E+05     0.1001202E+02
        0.1857244E+05     0.3976054E+00     0.4270700E+05     0.1001052E+02
        0.1857520E+05     0.4087843E+00     0.4554000E+05     0.1000901E+02
        0.1857796E+05     0.4097151E+00     0.4615500E+05     0.1000751E+02
        0.1858072E+05     0.4069782E+00     0.4616600E+05     0.1000601E+02
        0.1858348E+05     0.4063746E+00     0.4618800E+05     0.1000451E+02
        0.1858624E+05     0.4131568E+00     0.4614200E+05     0.1000301E+02
        0.1858900E+05     0.4100292E+00     0.4608100E+05     0.1000150E+02
        0.1859177E+05     0.4133194E+00     0.4588200E+05     0.1000000E+02
