# data from ifeffit
#------------------------
#   r         chir_mag         chir_mag         chir_re         chir_re
  0.0000000       0.41660157E-01   0.87211347E-01   0.41660157E-01   0.87211347E-01
  0.30679616E-01   0.44439930E-01   0.89842949E-01   0.44424090E-01   0.89815349E-01
  0.61359232E-01   0.48736117E-01   0.95418704E-01   0.47949417E-01   0.94966228E-01
  0.92038847E-01   0.48151784E-01   0.99379108E-01   0.43903111E-01   0.97027337E-01
  0.12271846       0.39785159E-01   0.98650495E-01   0.31675482E-01   0.92591127E-01
  0.15339808       0.26949022E-01   0.93661256E-01   0.21907544E-01   0.84123728E-01
  0.18407769       0.26678248E-01   0.88820871E-01   0.26572022E-01   0.78264668E-01
  0.21475731       0.44676153E-01   0.89967315E-01   0.44673165E-01   0.79472340E-01
  0.24543693       0.62360903E-01   0.97930368E-01   0.59576456E-01   0.84847971E-01
  0.27611654       0.70062493E-01   0.10687314       0.53929563E-01   0.86134716E-01
  0.30679616       0.63574652E-01   0.11046212       0.29045653E-01   0.78113176E-01
  0.33747577       0.43410411E-01   0.10695966       0.74304538E-02   0.64943369E-01
  0.36815539       0.22264585E-01   0.10116857       0.11758545E-01   0.56605050E-01
  0.39883500       0.41989218E-01   0.10222782       0.39245769E-01   0.57850546E-01
  0.42951462       0.74262765E-01   0.11360492       0.59720587E-01   0.61591774E-01
  0.46019424       0.95749172E-01   0.12757811       0.44381649E-01   0.55478368E-01
  0.49087385       0.98122734E-01   0.13429978      -0.14927024E-02   0.35944500E-01
  0.52155347       0.78331357E-01   0.13001583      -0.38273954E-01   0.13929631E-01
  0.55223308       0.39220116E-01   0.12045365      -0.30378605E-01   0.39867870E-02
  0.58291270       0.21135535E-01   0.11984400       0.13134745E-01   0.73195712E-02
  0.61359232       0.73381786E-01   0.13652106       0.40904098E-01   0.82188451E-02
  0.64427193       0.11885466       0.16023067       0.89244638E-02  -0.99518138E-02
  0.67495155       0.14443147       0.17585508      -0.69885456E-01  -0.45633318E-01
  0.70563116       0.14386311       0.17616491      -0.13007402      -0.79001430E-01
  0.73631078       0.11785780       0.16562629      -0.11397793      -0.93097986E-01
  0.76699039       0.77295184E-01   0.16042967      -0.30199952E-01  -0.93476910E-01
  0.79767001       0.57366662E-01   0.17571397       0.50562002E-01  -0.10323338
  0.82834963       0.87015804E-01   0.20529837       0.61313071E-01  -0.13723337
  0.85902924       0.12008740       0.23061659       0.80060517E-03  -0.18417221
  0.88970886       0.13179339       0.23982408      -0.71210342E-01  -0.21798886
  0.92038847       0.11885263       0.23445765      -0.99025797E-01  -0.22690971
  0.95106809       0.96298898E-01   0.22933287      -0.86529914E-01  -0.22661319
  0.98174770       0.10228314       0.24164040      -0.84532303E-01  -0.24074410
  1.0124273       0.14495668       0.27045867      -0.12642323      -0.27024532
  1.0431069       0.18868325       0.29711331      -0.18556085      -0.28833548
  1.0737866       0.20879272       0.30455370      -0.20329285      -0.26990688
  1.1044662       0.19499608       0.28930631      -0.15679829      -0.22282981
  1.1351458       0.15079235       0.26597409      -0.89728624E-01  -0.18299635
  1.1658254       0.10505101       0.26272222      -0.68714447E-01  -0.17505672
  1.1965050       0.12625857       0.29314800      -0.11165115      -0.18242567
  1.2271846       0.19918364       0.33675802      -0.16652909      -0.16318125
  1.2578642       0.26683215       0.36560748      -0.16450957      -0.96913326E-01
  1.2885439       0.30748938       0.36710845      -0.88928498E-01  -0.93987797E-02
  1.3192235       0.31888619       0.34999520       0.14815488E-01   0.55838134E-01
  1.3499031       0.31549236       0.34260551       0.95974615E-01   0.88928513E-01
  1.3805827       0.32415244       0.37132245       0.15425238       0.12785084
  1.4112623       0.36319627       0.42846945       0.23041512       0.21493450
  1.4419419       0.42268476       0.48299298       0.34491727       0.34285918
  1.4726216       0.47802989       0.51078220       0.45937980       0.45407556
  1.5033012       0.51085830       0.50700684       0.50909198       0.49890412
  1.5339808       0.51745690       0.48858635       0.47007897       0.48750592
  1.5646604       0.51127475       0.48863403       0.38130852       0.47279117
  1.5953400       0.51965666       0.53226614       0.29398349       0.47931297
  1.6260196       0.56652263       0.61135929       0.20707671       0.46018069
  1.6566993       0.65030321       0.69737299       0.67432182E-01   0.33812447
  1.6873789       0.74792954       0.76726564      -0.16251331       0.90497325E-01
  1.7180585       0.83652432       0.81454040      -0.44930283      -0.21907010
  1.7487381       0.90861673       0.85269938      -0.71480061      -0.50428152
  1.7794177       0.97981616       0.91528282      -0.91642138      -0.74466123
  1.8100973        1.0873177        1.0437994       -1.0826362      -0.98982775
  1.8407769        1.2698583        1.2611983       -1.2509320       -1.2611939
  1.8714566        1.5396691        1.5582036       -1.3720481       -1.4579468
  1.9021362        1.8790360        1.9066045       -1.2949356       -1.3857356
  1.9328158        2.2611408        2.2794388      -0.86329956      -0.89647165
  1.9634954        2.6712144        2.6671410      -0.27942393E-01   0.27390492E-02
  1.9941750        3.1182140        3.0884421        1.1368447        1.1839897
  2.0248546        3.6336115        3.5889183        2.4995396        2.5145314
  2.0555343        4.2542061        4.2187832        3.8898032        3.8738450
  2.0862139        4.9954340        4.9979546        4.9954332        4.9979509
  2.1168935        5.8322995        5.8937727        5.2656611        5.3302261
  2.1475731        6.6990522        6.8250635        4.0601843        4.1709390
  2.1782527        7.5034674        7.6829797        1.1107662        1.1938343
  2.2089323        8.1461480        8.3550579       -2.9955168       -3.0131684
  2.2396120        8.5387967        8.7461518       -6.7899945       -6.9168640
  2.2702916        8.6188887        8.7941751       -8.5795387       -8.7488733
  2.3009712        8.3594460        8.4794737       -7.4554438       -7.5766905
  2.3316508        7.7730782        7.8270346       -3.9376622       -3.9642485
  2.3623304        6.9100601        6.9015785       0.27813702       0.32097412
  2.3930100        5.8510584        5.7967245        3.3420398        3.3855943
  2.4236896        4.6960486        4.6204959        4.3136531        4.2974145
  2.4543693        3.5518278        3.4801940        3.5234743        3.4248199
  2.4850489        2.5213430        2.4699950        2.0633863        1.8901954
  2.5157285        1.6984220        1.6642897       0.90627549       0.67504236
  2.5464081        1.1641011        1.1156856       0.35551147       0.84957906E-01
  2.5770877       0.93832684       0.83562654       0.14069861      -0.13494972
  2.6077673       0.89294941       0.74117587      -0.96315806E-01  -0.31805778
  2.6384470       0.86594612       0.69888456      -0.43117005      -0.53270106
  2.6691266       0.79251627       0.63498341      -0.67950747      -0.62575276
  2.6998062       0.67280710       0.53425682      -0.67279333      -0.48820734
  2.7304858       0.52806328       0.40501636      -0.45315605      -0.21284500
  2.7611654       0.38496047       0.26361494      -0.21231927      -0.32592466E-04
  2.7918450       0.27833137       0.13397539      -0.90347719E-01   0.44531382E-01
  2.8225246       0.24906994       0.79165969E-01  -0.65607906E-01  -0.10449608E-01
  2.8532043       0.28486314       0.12723632      -0.28571122E-01  -0.29715308E-01
  2.8838839       0.32502863       0.16173834       0.74102173E-01   0.34434407E-01
  2.9145635       0.33342394       0.15519133       0.19016103       0.11006474
  2.9452431       0.30445540       0.11107381       0.24233228       0.10964087
  2.9759227       0.26447287       0.43210286E-01   0.22898738       0.36758847E-01
  3.0066023       0.27827332       0.32103123E-01   0.23006670      -0.22692687E-01
  3.0372820       0.38025889       0.93004378E-01   0.32202916      -0.22307961E-02
  3.0679616       0.53010403       0.12785859       0.50163497       0.73092023E-01
  3.0986412       0.69183263       0.12973232       0.69181904       0.12151309
  3.1293208       0.85374190       0.10061891       0.80266814       0.98407559E-01
  3.1600004        1.0191140       0.50779158E-01   0.77072192       0.40709067E-01
  3.1906800        1.1948992       0.20962249E-01   0.55034451       0.17760585E-01
  3.2213597        1.3804493       0.65987999E-01   0.10692306       0.51387820E-01
  3.2520393        1.5621749       0.97725654E-01  -0.53846203       0.96192535E-01
  3.2827189        1.7167075       0.10390563       -1.2434254       0.96471967E-01
  3.3133985        1.8188397       0.84398381E-01   -1.7491280       0.49905979E-01
  3.3440781        1.8493610       0.46017737E-01   -1.8028927       0.64877744E-02
  3.3747577        1.8002239       0.99686775E-02   -1.3285627       0.89937977E-02
  3.4054373        1.6763822       0.46202941E-01  -0.50520060       0.45934006E-01
  3.4361170        1.4945676       0.74177074E-01   0.32552375       0.68598963E-01
  3.4667966        1.2797832       0.81616159E-01   0.86207445       0.48386148E-01
  3.4974762        1.0607007       0.67827341E-01    1.0035843       0.72597050E-02
  3.5281558       0.86538353       0.38394146E-01   0.85706000      -0.10944993E-01
  3.5588354       0.71835276       0.16014101E-01   0.61015727       0.79859088E-02
  3.5895150       0.63787974       0.43542836E-01   0.38713462       0.34014737E-01
  3.6201947       0.63038613       0.67978220E-01   0.19449879       0.29514321E-01
  3.6508743       0.68649556       0.76170203E-01  -0.29643420E-01  -0.70776287E-02
  3.6815539       0.78848960       0.66372490E-01  -0.32980242      -0.40391441E-01
  3.7122335       0.92107675       0.41910669E-01  -0.68511150      -0.39014223E-01
  3.7429131        1.0756148       0.10333706E-01   -1.0204762      -0.10222148E-01
  3.7735927        1.2502272       0.23246154E-01   -1.2458792       0.99771143E-02
  3.8042724        1.4483950       0.46617929E-01   -1.2834440      -0.19596394E-02
  3.8349520        1.6760635       0.56618048E-01   -1.0700979      -0.32191140E-01
  3.8656316        1.9375310       0.51544208E-01  -0.55599868      -0.47486908E-01
  3.8963112        2.2313887       0.33744225E-01   0.27252640      -0.33454099E-01
  3.9269908        2.5479560       0.95810371E-02    1.3383564      -0.92333405E-02
  3.9576704        2.8689110       0.19141419E-01    2.4190958      -0.38683879E-02
  3.9883500        3.1689807       0.38907199E-01    3.1539576      -0.23201816E-01
  4.0190297        3.4191660       0.48413637E-01    3.1603807      -0.44858198E-01
  4.0497093        3.5908701       0.45713099E-01    2.2397555      -0.45080462E-01
  4.0803889        3.6602336       0.32390582E-01   0.56051907      -0.25305643E-01
  4.1110685        3.6119346       0.13653415E-01   -1.3290618      -0.87030168E-02
  4.1417481        3.4418004       0.13427801E-01   -2.7260075      -0.12500126E-01
  4.1724277        3.1578522       0.29145771E-01   -3.1359048      -0.28819668E-01
  4.2031074        2.7798480       0.37791608E-01   -2.5445400      -0.35216289E-01
  4.2337870        2.3379558       0.36567286E-01   -1.4008491      -0.21332399E-01
  4.2644666        1.8719362       0.26236541E-01  -0.31263028      -0.56449746E-03
  4.2951462        1.4333631       0.99197579E-02   0.32789951       0.58336424E-02
  4.3258258        1.0933358       0.80469926E-02   0.52200845      -0.69976274E-02
  4.3565054       0.93775342       0.22913879E-01   0.54483962      -0.22645930E-01
  4.3871851       0.98689418       0.31270260E-01   0.66662945      -0.22519025E-01
  4.4178647        1.1487959       0.31424892E-01   0.95640764      -0.63801008E-02
  4.4485443        1.3384886       0.23871768E-01    1.2955125       0.86368778E-02
  4.4792239        1.5313219       0.11129071E-01    1.5204830       0.81807570E-02
  4.5099035        1.7409627       0.51942357E-02    1.5203021      -0.36203305E-02
  4.5405831        1.9922382       0.17301008E-01    1.2136521      -0.10160679E-01
  4.5712627        2.2983471       0.25093044E-01   0.50320010      -0.19742485E-02
  4.6019424        2.6492630       0.26351424E-01  -0.65408559       0.12900470E-01
  4.6326220        3.0147223       0.21144790E-01   -2.0694122       0.18937458E-01
  4.6633016        3.3547860       0.11161516E-01   -3.2290697       0.11084866E-01
  4.6939812        3.6300105       0.12615480E-02   -3.4773548      -0.14531777E-04
  4.7246608        3.8083174       0.12041879E-01   -2.4372209      -0.75573775E-03
  4.7553404        3.8686534       0.19590473E-01  -0.36869976       0.10006176E-01
  4.7860201        3.8021678       0.22136100E-01    1.8620045       0.20294967E-01
  4.8166997        3.6116684       0.19530779E-01    3.2534441       0.19036324E-01
  4.8473793        3.3101411       0.12902440E-01    3.2693366       0.82411971E-02
  4.8780589        2.9190872       0.42760959E-02    2.1313168      -0.14140797E-03
  4.9087385        2.4672850       0.41282164E-02   0.59918752       0.17893546E-02
  4.9394181        1.9904508       0.10132847E-01  -0.56829253       0.94275685E-02
  4.9700978        1.5324591       0.12615214E-01   -1.0541466       0.11887946E-01
  5.0007774        1.1488928       0.11446171E-01   -1.0332561       0.50015731E-02
  5.0314570       0.90645164       0.78795079E-02  -0.88093101      -0.40147283E-02
  5.0621366       0.84174542       0.59203935E-02  -0.83777123      -0.50930848E-02
  5.0928162       0.89729234       0.91750182E-02  -0.89120401       0.31977602E-02
  5.1234958       0.98250872       0.12875450E-01  -0.89241220       0.12233443E-01
  5.1541754        1.0529312       0.14328119E-01  -0.73051332       0.13034928E-01
  5.1848551        1.1049280       0.12945917E-01  -0.39871038       0.57190190E-02
  5.2155347        1.1508512       0.91528346E-02   0.51690364E-01  -0.16278610E-02
  5.2462143        1.2002361       0.40742044E-02   0.55787072      -0.25145550E-02
  5.2768939        1.2508097       0.19340484E-02    1.0236712       0.12640384E-02
  5.3075735        1.2908165       0.56097799E-02    1.2852696       0.29601494E-02
  5.3382531        1.3072947       0.75316698E-02    1.1648213      -0.50588875E-03
  5.3689328        1.2926968       0.71159551E-02   0.61484753      -0.50292854E-02
  5.3996124        1.2466606       0.47351975E-02  -0.17479429      -0.47138219E-02
  5.4302920        1.1738136       0.24672848E-02  -0.84171183       0.60283343E-03
  5.4609716        1.0800526       0.51772316E-02   -1.0744093       0.47147177E-02
  5.4916512       0.96996283       0.88487840E-02  -0.82109927       0.20530922E-02
  5.5223308       0.84716915       0.11339250E-01  -0.30559211      -0.57997779E-02
  5.5530105       0.71754621       0.12066436E-01   0.16126270      -0.11547091E-01
  5.5836901       0.59344626       0.10968071E-01   0.40534254      -0.99076133E-02
  5.6143697       0.49565471       0.83791224E-02   0.45919277      -0.30167444E-02
  5.6450493       0.44576941       0.49315469E-02   0.44563285       0.22424171E-02
  5.6757289       0.44478729       0.17363521E-02   0.41719602       0.16569920E-02
  5.7064085       0.46729488       0.27286063E-02   0.31649212      -0.23814703E-02
  5.7370881       0.48660283       0.48254072E-02   0.81755605E-01  -0.42873094E-02
  5.7677678       0.49144418       0.57799607E-02  -0.23164970      -0.16652500E-02
  5.7984474       0.48454090       0.54383275E-02  -0.45416973       0.25053647E-02
  5.8291270       0.47445761       0.39887681E-02  -0.43562594       0.38075904E-02
  5.8598066       0.46611740       0.18690024E-02  -0.17951393       0.14870699E-02
  5.8904862       0.45555621       0.10608020E-02   0.15262214      -0.10481480E-02
  5.9211658       0.43310570       0.30113486E-02   0.36943311      -0.46065172E-03
  5.9518455       0.39111086       0.44462716E-02   0.39050420       0.27021031E-02
  5.9825251       0.33009640       0.49328933E-02   0.27972625       0.48672087E-02
  6.0132047       0.26287604       0.44081955E-02   0.16138340       0.36567378E-02
  6.0438843       0.21891418       0.30583696E-02   0.11104166       0.49764715E-03
  6.0745639       0.23163156       0.13948614E-02   0.11409782      -0.11790367E-02
  6.1052435       0.29302029       0.14464015E-02   0.10396210       0.16970683E-03
  6.1359232       0.37189021       0.28507766E-02   0.23786519E-01   0.26751211E-02
  6.1666028       0.45050439       0.37227892E-02  -0.13941414       0.33864874E-02
  6.1972824       0.52060666       0.37529546E-02  -0.35122844       0.15686246E-02
  6.2279620       0.57503928       0.29565097E-02  -0.53676072      -0.73211844E-03
  6.2586416       0.60436810       0.15504283E-02  -0.59904706      -0.12160717E-02
  6.2893212       0.59758506       0.14586469E-03  -0.46815747       0.12034166E-03
  6.3200008       0.54516504       0.16818846E-02  -0.17065207       0.12214923E-02
  6.3506805       0.44303262       0.27918980E-02   0.14223561       0.46888517E-03
  6.3813601       0.29893786       0.32550921E-02   0.26834676      -0.15308100E-02
  6.4120397       0.16910535       0.30321374E-02   0.10800325      -0.27751491E-02
  6.4427193       0.25558711       0.22418368E-02  -0.22169596      -0.21627537E-02
  6.4733989       0.47861468       0.11194466E-02  -0.43251036      -0.60542284E-03
  6.5040785       0.71635546       0.16135065E-03  -0.26960070       0.14583338E-03
  6.5347582       0.93478289       0.10664264E-02   0.27368159      -0.53743960E-03
  6.5654378        1.1149343       0.16785682E-02   0.91145534      -0.16118730E-02
  6.5961174        1.2449566       0.18743940E-02    1.2442341      -0.16676055E-02
  6.6267970        1.3194465       0.17233721E-02    1.0315149      -0.48857581E-03
  6.6574766        1.3391503       0.13968259E-02   0.35218808       0.82064248E-03
  6.6881562        1.3101991       0.11130946E-02  -0.45812811       0.11049700E-02
  6.7188359        1.2428275       0.99114949E-03   -1.0267312       0.32402491E-03
  6.7495155        1.1496916       0.91744414E-03   -1.1496501      -0.57263758E-03
  6.7801951        1.0439878       0.73583666E-03  -0.85577873      -0.73571515E-03
  6.8108747       0.93770149       0.42861625E-03  -0.33076410      -0.21306969E-03
  6.8415543       0.84045582       0.28485229E-03   0.20534492       0.28318843E-03
  6.8722339       0.75941156       0.62472133E-03   0.58089605       0.19793325E-03
  6.9029135       0.70019061       0.97522335E-03   0.69930057      -0.38941101E-03
  6.9335932       0.66784446       0.12041544E-02   0.54124667      -0.10026059E-02
  6.9642728       0.66641075       0.13013137E-02   0.16599608      -0.12930612E-02
  6.9949524       0.69703301       0.13124937E-02  -0.29640102      -0.12638727E-02
  7.0256320       0.75694355       0.13061840E-02  -0.67810707      -0.10876176E-02
  7.0563116       0.84081085       0.13253034E-02  -0.82677737      -0.85562932E-03
  7.0869912       0.94278392       0.13590847E-02  -0.65645124      -0.54522824E-03
  7.1176709        1.0571809       0.13684550E-02  -0.18009292      -0.15072472E-03
  7.1483505        1.1777480       0.13281095E-02   0.47775041       0.24260533E-03
  7.1790301        1.2965994       0.12464809E-02    1.0936220       0.52525048E-03
  7.2097097        1.4038323       0.11691532E-02    1.4035207       0.66876415E-03
  7.2403893        1.4881661       0.11743961E-02    1.2162008       0.75846889E-03
  7.2710689        1.5383712       0.13387194E-02   0.53893113       0.94649657E-03
  7.3017486        1.5449932       0.16767804E-02  -0.37537002       0.13634104E-02
  7.3324282        1.5019126       0.21387978E-02   -1.1293744       0.20058902E-02
  7.3631078        1.4074577       0.26466528E-02   -1.3980461       0.26465505E-02
  7.3937874        1.2649931       0.31111684E-02   -1.1215279       0.28816935E-02
  7.4244670        1.0831175       0.34438270E-02  -0.52917707       0.23817598E-02
  7.4551466       0.87589473       0.35763303E-02   0.30210519E-01   0.11912490E-02
  7.4858262       0.66423727       0.34862638E-02   0.32431275      -0.22554909E-03
  7.5165059       0.48132185       0.32227444E-02   0.36032046      -0.13184095E-02
  7.5471855       0.38146006       0.29195191E-02   0.31439843      -0.18897394E-02
  7.5778651       0.40197315       0.27542719E-02   0.34807896      -0.21895212E-02
  7.6085447       0.48973344       0.28050552E-02   0.47401203      -0.25442471E-02
  7.6392243       0.57880580       0.29492310E-02   0.57104812      -0.29177844E-02
  7.6699039       0.64033174       0.29852430E-02   0.51010683      -0.29146385E-02
  7.7005836       0.66677642       0.27815546E-02   0.26717440      -0.22532642E-02
  7.7312632       0.66083134       0.23214493E-02  -0.65732561E-01  -0.11763610E-02
  7.7619428       0.63042608       0.16993032E-02  -0.35733163      -0.29419593E-03
  7.7926224       0.58526835       0.11164018E-02  -0.51950218       0.78428256E-05
  7.8233020       0.53371029       0.85454343E-03  -0.53371015      -0.60803928E-04
  7.8539816       0.48040996       0.89991268E-03  -0.42769528       0.12841823E-04
  7.8846612       0.42588900       0.89582946E-03  -0.24716167       0.40720693E-03
  7.9153409       0.36835172       0.74774956E-03  -0.46967299E-01   0.71842760E-03
  7.9460205       0.30654307       0.73058117E-03   0.11306350       0.41345765E-03
  7.9767001       0.24184255       0.10928930E-02   0.18842500      -0.51735101E-03
  8.0073797       0.17872297       0.15496094E-02   0.17637263      -0.14650933E-02
  8.0380593       0.12375665       0.18521929E-02   0.11671727      -0.17986966E-02
  8.0687389       0.83538141E-01   0.19193064E-02   0.56453772E-01  -0.14881510E-02
  8.0994186       0.61909755E-01   0.18440334E-02   0.10799324E-01  -0.10465144E-02
  8.1300982       0.60970291E-01   0.19019482E-02  -0.35663284E-01  -0.86419129E-03
  8.1607778       0.86068675E-01   0.23007489E-02  -0.86013652E-01  -0.71874006E-03
  8.1914574       0.13747511       0.28877995E-02  -0.97243840E-01  -0.49525531E-04
  8.2221370       0.20938394       0.33837937E-02  -0.74269760E-02   0.13014221E-02
  8.2528166       0.29510814       0.35997582E-02   0.18733635       0.27394476E-02
  8.2834963       0.38810785       0.34676081E-02   0.38265457       0.33907733E-02
  8.3141759       0.48228782       0.30297912E-02   0.41229802       0.29055459E-02
  8.3448555       0.57214212       0.24136455E-02   0.17632514       0.17308101E-02
  8.3755351       0.65265185       0.17883474E-02  -0.25151529       0.60119838E-03
  8.4062147       0.71908867       0.13046814E-02  -0.64032859      -0.13689896E-03
  8.4368943       0.76698424       0.10375151E-02  -0.74836790      -0.62396382E-03
  8.4675739       0.79244892       0.10153841E-02  -0.49214380      -0.99847709E-03
  8.4982536       0.79284361       0.12707391E-02  -0.58324908E-02  -0.10165466E-02
  8.5289332       0.76764820       0.17175765E-02   0.45430960      -0.31265860E-03
  8.5596128       0.71931612       0.21675497E-02   0.68159632       0.99733342E-03
  8.5902924       0.65395517       0.24379714E-02   0.63371024       0.21600682E-02
  8.6209720       0.58171799       0.24027250E-02   0.41555298       0.23932415E-02
  8.6516516       0.51648769       0.20229357E-02   0.16731183       0.16643752E-02
  8.6823313       0.47331336       0.13774149E-02  -0.37390470E-01   0.76516845E-03
  8.7130109       0.46160263       0.80479525E-03  -0.20616220       0.53198158E-03
  8.7436905       0.47815762       0.10920643E-02  -0.36530035       0.10062036E-02
  8.7743701       0.50973512       0.17682855E-02  -0.49451379       0.14231399E-02
  8.8050497       0.54211970       0.22602390E-02  -0.52383203       0.10369803E-02
  8.8357293       0.56533752       0.24211113E-02  -0.39284631      -0.10070446E-03
  8.8664090       0.57408411       0.22444700E-02  -0.11546385      -0.12152382E-02
  8.8970886       0.56659591       0.18146579E-02   0.20850380      -0.16049766E-02
  8.9277682       0.54353131       0.12790660E-02   0.44599456      -0.12783344E-02
  8.9584478       0.50715383       0.82100394E-03   0.50702951      -0.79135808E-03
  8.9891274       0.46075894       0.60705634E-03   0.39009642      -0.55700245E-03
  9.0198070       0.40823332       0.60658919E-03   0.17066748      -0.44028518E-03
  9.0504866       0.35364995       0.69194332E-03  -0.50215941E-01  -0.56450068E-04
  9.0811663       0.30085437       0.89390119E-03  -0.19750135       0.64145445E-03
  9.1118459       0.25310706       0.12045887E-02  -0.24391000       0.12040433E-02
  9.1425255       0.21302280       0.15060490E-02  -0.20055484       0.11413473E-02
  9.1732051       0.18314035       0.16784435E-02  -0.96757391E-01   0.45782258E-03
  9.2038847       0.16689180       0.16644601E-02   0.31128621E-01  -0.34698186E-03
  9.2345643       0.16800724       0.15055431E-02   0.13994885      -0.80219899E-03
  9.2652440       0.18685012       0.13703371E-02   0.18300289      -0.91641838E-03
  9.2959236       0.21842298       0.14696130E-02   0.12810588      -0.10685452E-02
  9.3266032       0.25509692       0.17778956E-02  -0.16398664E-01  -0.15021013E-02
  9.3572828       0.28942370       0.20803056E-02  -0.19094710      -0.20177311E-02
  9.3879624       0.31522437       0.22166605E-02  -0.30792940      -0.21988765E-02
  9.4186420       0.32808449       0.21368731E-02  -0.30129029      -0.18852213E-02
  9.4493217       0.32575383       0.18999275E-02  -0.16955538      -0.13449284E-02
  9.4800013       0.30838395       0.16711751E-02   0.20932834E-01  -0.96539774E-03
  9.5106809       0.27848057       0.16464917E-02   0.17690644      -0.83280420E-03
  9.5413605       0.24055926       0.18345943E-02   0.23325366      -0.67510592E-03
  9.5720401       0.20067473       0.20487250E-02   0.18313905      -0.21095154E-03
  9.6027197       0.16619564       0.21296066E-02   0.67780040E-01   0.50705725E-03
  9.6333993       0.14583953       0.20237767E-02  -0.55932768E-01   0.11352807E-02
  9.6640790       0.14752662       0.17736259E-02  -0.14015250       0.13986125E-02
  9.6947586       0.17248261       0.14991265E-02  -0.15186241       0.13542063E-02
  9.7254382       0.21504002       0.13489378E-02  -0.73723727E-01   0.12811372E-02
  9.7561178       0.26821288       0.13664290E-02   0.83740259E-01   0.13461222E-02
  9.7867974       0.32547471       0.14321830E-02   0.26577824       0.14265260E-02
  9.8174770       0.38037815       0.14132948E-02   0.38035600       0.12709120E-02
  9.8481567       0.42666675       0.12544969E-02   0.34396347       0.79983745E-03
  9.8788363       0.45889142       0.96923707E-03   0.14281275       0.21731932E-03
  9.9095159       0.47309798       0.61251781E-03  -0.14112547      -0.16833289E-03
  9.9401955       0.46733816       0.25917607E-03  -0.37116698      -0.20834786E-03
  9.9708751       0.44192484       0.11786586E-03  -0.44142009       0.33566766E-06
