# data from ifeffit
#------------------------
#   r          chir_mag          chir_mag          chir_re          chir_re
  0.0000000       0.43919786E-01   0.89410583E-01   0.43919786E-01   0.89410583E-01
  0.30679616E-01   0.44178462E-01   0.90381101E-01   0.43933858E-01   0.90223645E-01
  0.61359232E-01   0.43917675E-01   0.92481909E-01   0.42701433E-01   0.91642520E-01
  0.92038847E-01   0.41390063E-01   0.94026256E-01   0.38558604E-01   0.91581792E-01
  0.12271846       0.36631432E-01   0.93890537E-01   0.33061125E-01   0.88945847E-01
  0.15339808       0.33252035E-01   0.92465411E-01   0.30895683E-01   0.84850302E-01
  0.18407769       0.36358988E-01   0.91551879E-01   0.35101627E-01   0.81709506E-01
  0.21475731       0.44657084E-01   0.92981047E-01   0.42636137E-01   0.80854038E-01
  0.24543693       0.52013708E-01   0.96780467E-01   0.46021313E-01   0.80978436E-01
  0.27611654       0.54011106E-01   0.10098270       0.40580332E-01   0.79217313E-01
  0.30679616       0.49652825E-01   0.10346492       0.30002728E-01   0.74057351E-01
  0.33747577       0.42419656E-01   0.10387392       0.23565337E-01   0.67084156E-01
  0.36815539       0.40966629E-01   0.10413948       0.26724100E-01   0.61392872E-01
  0.39883500       0.50106642E-01   0.10694098       0.34534554E-01   0.58021924E-01
  0.42951462       0.62475482E-01   0.11287106       0.35587443E-01   0.54329528E-01
  0.46019424       0.69855604E-01   0.11948604       0.23547057E-01   0.46558955E-01
  0.49087385       0.68425898E-01   0.12365350       0.46187830E-02   0.34175047E-01
  0.52155347       0.59181302E-01   0.12451611      -0.77129563E-02   0.21020830E-01
  0.55223308       0.49662839E-01   0.12471763      -0.64677757E-02   0.11371851E-01
  0.58291270       0.52619781E-01   0.12869886       0.47218533E-03   0.47983494E-02
  0.61359232       0.67966730E-01   0.13828440      -0.29413185E-02  -0.42246914E-02
  0.64427193       0.83090085E-01   0.15034643      -0.24608131E-01  -0.20801456E-01
  0.67495155       0.89063049E-01   0.15989334      -0.54399303E-01  -0.43854360E-01
  0.70563116       0.82069602E-01   0.16445345      -0.71341326E-01  -0.66766447E-01
  0.73631078       0.62206986E-01   0.16612754      -0.61805769E-01  -0.84342023E-01
  0.76699039       0.32625594E-01   0.17035090      -0.31608378E-01  -0.98644116E-01
  0.79767001       0.43091587E-02   0.18113085      -0.10214843E-02  -0.11690615
  0.82834963       0.36836385E-01   0.19678826       0.11438105E-01  -0.14335698
  0.85902924       0.67521004E-01   0.21178742       0.62102530E-03  -0.17396607
  0.88970886       0.93501475E-01   0.22200383      -0.27212319E-01  -0.20024851
  0.92038847       0.11571563       0.22792909      -0.63750003E-01  -0.21801054
  0.95106809       0.13507181       0.23405358      -0.10304625      -0.23091286
  0.98174770       0.15019822       0.24459555      -0.13775820      -0.24443794
  1.0124273       0.15735694       0.25882813      -0.15641132      -0.25725408
  1.0431069       0.15286185       0.27133944      -0.15053334      -0.26071449
  1.0737866       0.13698845       0.27697057      -0.12659588      -0.24812483
  1.1044662       0.11943482       0.27550474      -0.10719265      -0.22340975
  1.1351458       0.12213530       0.27296213      -0.11394122      -0.19828356
  1.1658254       0.15595843       0.27782705      -0.14523045      -0.17976280
  1.1965050       0.20379295       0.29330609      -0.17210478      -0.16172668
  1.2271846       0.24632810       0.31385312      -0.16065724      -0.13081849
  1.2578642       0.27254778       0.33081736      -0.10199047      -0.80943993E-01
  1.2885439       0.27989411       0.34002011      -0.20189453E-01  -0.20038766E-01
  1.3192235       0.27497617       0.34498459       0.51123523E-01   0.39222007E-01
  1.3499031       0.27286780       0.35446879       0.10097781       0.94526208E-01
  1.3805827       0.28921109       0.37488336       0.14907512       0.15681938
  1.4112623       0.32638208       0.40382961       0.22091249       0.23620803
  1.4419419       0.37234123       0.43233895       0.31568798       0.32619693
  1.4726216       0.41289332       0.45257571       0.40073180       0.40497612
  1.5033012       0.44019223       0.46343292       0.43848218       0.45364938
  1.5339808       0.45513740       0.47144262       0.41767663       0.47101956
  1.5646604       0.46672085       0.48686057       0.35646123       0.46714083
  1.5953400       0.48807609       0.51652250       0.27591100       0.44221022
  1.6260196       0.52894251       0.55931241       0.17431588       0.37601334
  1.6566993       0.58976964       0.60888881       0.30558121E-01   0.24295601
  1.6873789       0.66380199       0.66010394      -0.16831752       0.38322598E-01
  1.7180585       0.74435146       0.71364713      -0.40702193      -0.21335000
  1.7487381       0.83080749       0.77750842      -0.65115955      -0.47758148
  1.7794177       0.93084658       0.86542386      -0.87234580      -0.73346743
  1.8100973        1.0581602       0.99219607       -1.0568622      -0.97012536
  1.8407769        1.2262747        1.1676167       -1.1849555       -1.1552951
  1.8714566        1.4425475        1.3932276       -1.2040286       -1.2117009
  1.9021362        1.7072971        1.6642532       -1.0294529       -1.0354862
  1.9328158        2.0181000        1.9749109      -0.57909170      -0.54924275
  1.9634954        2.3749941        2.3239412       0.18481683       0.25388818
  1.9941750        2.7825341        2.7173893        1.2305714        1.3046213
  2.0248546        3.2468780        3.1660569        2.4411852        2.4699371
  2.0555343        3.7688619        3.6772130        3.5874926        3.5408839
  2.0862139        4.3366024        4.2442326        4.3076567        4.2000021
  2.1168935        4.9216226        4.8400940        4.1624827        4.0455759
  2.1475731        5.4803416        5.4182580        2.8229251        2.7525567
  2.1782527        5.9601141        5.9200896       0.33717650       0.33774027
  2.2089323        6.3077235        6.2856560       -2.7026389       -2.6502225
  2.2396120        6.4782314        6.4647904       -5.2842996       -5.2249510
  2.2702916        6.4425310        6.4261629       -6.4121460       -6.3849735
  2.3009712        6.1924255        6.1628894       -5.6342815       -5.6504494
  2.3316508        5.7425284        5.6939184       -3.3184488       -3.3616799
  2.3623304        5.1287999        5.0611678      -0.46797249      -0.51308429
  2.3930100        4.4040766        4.3231054        1.8213078        1.7870152
  2.4236896        3.6314344        3.5460700        2.9118536        2.8776559
  2.4543693        2.8765340        2.7949589        2.8400294        2.7758020
  2.4850489        2.2000264        2.1248552        2.1110081        1.9831180
  2.5157285        1.6501722        1.5745859        1.2833184        1.0754197
  2.5464081        1.2535971        1.1620863       0.65791230       0.38749947
  2.5770877        1.0025397       0.88091333       0.24374432      -0.35528409E-01
  2.6077673       0.85186840       0.70092415      -0.69647737E-01  -0.28566070
  2.6384470       0.74543945       0.58058236      -0.33513247      -0.42951396
  2.6691266       0.64752512       0.48591755      -0.50967497      -0.46682520
  2.6998062       0.54759260       0.39899317      -0.53728399      -0.39084880
  2.7304858       0.44961022       0.31469021      -0.43322219      -0.24478663
  2.7611654       0.36334632       0.23591298      -0.28098790      -0.10632607
  2.7918450       0.30128888       0.17141213      -0.15985613      -0.27314812E-01
  2.8225246       0.27474402       0.13279490      -0.86473473E-01  -0.62530787E-03
  2.8532043       0.28189478       0.12109126      -0.24881461E-01   0.13816689E-01
  2.8838839       0.30449636       0.11784084       0.57998191E-01   0.39324039E-01
  2.9145635       0.32349414       0.10579177       0.15521357       0.63775901E-01
  2.9452431       0.33075070       0.81095757E-01   0.23495768       0.64942542E-01
  2.9759227       0.33271923       0.52706037E-01   0.28295608       0.43582753E-01
  3.0066023       0.34965041       0.46148513E-01   0.32225072       0.25203823E-01
  3.0372820       0.40277336       0.65900933E-01   0.38967134       0.31591084E-01
  3.0679616       0.49490168       0.83194603E-01   0.49417889       0.57250019E-01
  3.0986412       0.61210427       0.86569633E-01   0.59734239       0.77162760E-01
  3.1293208       0.73834268       0.76040929E-01   0.63121810       0.75008504E-01
  3.1600004       0.86226165       0.59238745E-01   0.53529986       0.59230752E-01
  3.1906800       0.97723550       0.50924401E-01   0.28520808       0.50601806E-01
  3.2213597        1.0791938       0.58532202E-01  -0.97403959E-01   0.57762054E-01
  3.2520393        1.1642072       0.68903825E-01  -0.54684833       0.68882862E-01
  3.2827189        1.2270666       0.70816779E-01  -0.96146137       0.67140602E-01
  3.3133985        1.2615147       0.61972976E-01   -1.2236453       0.50554574E-01
  3.3440781        1.2618873       0.46945189E-01   -1.2386170       0.33558802E-01
  3.3747577        1.2252590       0.37404233E-01  -0.98105594       0.29951557E-01
  3.4054373        1.1531252       0.42806399E-01  -0.52043771       0.37732040E-01
  3.4361170        1.0520191       0.52661895E-01  -0.69201726E-04   0.42651058E-01
  3.4667966       0.93292603       0.56280139E-01   0.42552506       0.35080153E-01
  3.4974762       0.80971061       0.51381295E-01   0.65859369       0.20280390E-01
  3.5281558       0.69699146       0.41835953E-01   0.68960363       0.11033014E-01
  3.5588354       0.60797208       0.36782251E-01   0.57646232       0.12265443E-01
  3.5895150       0.55270562       0.41903627E-01   0.39253163       0.15730623E-01
  3.6201947       0.53709998       0.49719229E-01   0.18253389       0.10279751E-01
  3.6508743       0.56270140       0.52276441E-01  -0.46747211E-01  -0.47913447E-02
  3.6815539       0.62718251       0.47081725E-01  -0.30320930      -0.18742685E-01
  3.7122335       0.72551611       0.36122703E-01  -0.57766828      -0.21464225E-01
  3.7429131       0.85159450       0.26100327E-01  -0.82775447      -0.14551791E-01
  3.7735927       0.99973964       0.26540164E-01  -0.98501506      -0.90531833E-02
  3.8042724        1.1655578       0.33746738E-01  -0.97613146      -0.13014750E-01
  3.8349520        1.3458151       0.37993915E-01  -0.74535078      -0.23117129E-01
  3.8656316        1.5373560       0.35949873E-01  -0.27325269      -0.29332607E-01
  3.8963112        1.7355165       0.28868606E-01   0.40521804      -0.26580434E-01
  3.9269908        1.9327812       0.22087409E-01    1.1837941      -0.20011693E-01
  3.9576704        2.1183625       0.23011391E-01    1.8821109      -0.18520377E-01
  3.9883500        2.2789737       0.29177211E-01    2.2779605      -0.24523409E-01
  4.0190297        2.4005916       0.33265111E-01    2.1830219      -0.31655162E-01
  4.0497093        2.4707145       0.32402628E-01    1.5385993      -0.32402318E-01
  4.0803889        2.4805505       0.27274663E-01   0.47824119      -0.26463125E-01
  4.1110685        2.4266684       0.21471996E-01  -0.69435980      -0.20431780E-01
  4.1417481        2.3118166       0.20223603E-01   -1.6206631      -0.19782276E-01
  4.1724277        2.1448303       0.23468425E-01   -2.0429420      -0.22741029E-01
  4.2031074        1.9397739       0.25923241E-01   -1.9128830      -0.22902002E-01
  4.2337870        1.7146443       0.24559815E-01   -1.3891033      -0.17105641E-01
  4.2644666        1.4900394       0.19347551E-01  -0.72948002      -0.92776380E-02
  4.2951462        1.2879715       0.12977549E-01  -0.15081119      -0.59551596E-02
  4.3258258        1.1302188       0.11783293E-01   0.25771915      -0.88703341E-02
  4.3565054        1.0344360       0.16520018E-01   0.52750003      -0.13086965E-01
  4.3871851        1.0075538       0.20495571E-01   0.73744448      -0.12584466E-01
  4.4178647        1.0424416       0.20988040E-01   0.93766484      -0.67590111E-02
  4.4485443        1.1240883       0.18059609E-01    1.1153320      -0.61651539E-03
  4.4792239        1.2388859       0.13756605E-01    1.2047197       0.11580653E-02
  4.5099035        1.3780047       0.12055977E-01    1.1170538      -0.71410393E-03
  4.5405831        1.5352304       0.14465497E-01   0.77373913      -0.14455019E-02
  4.5712627        1.7035301       0.17180106E-01   0.14637334       0.20075500E-02
  4.6019424        1.8730482       0.17527868E-01  -0.69484944       0.75007061E-02
  4.6326220        2.0312106       0.15083759E-01   -1.5503523       0.10375467E-01
  4.6633016        2.1643807       0.11088663E-01   -2.1236457       0.88823528E-02
  4.6939812        2.2600898       0.87017953E-02   -2.1376331       0.60631609E-02
  4.7246608        2.3090015       0.10441556E-01   -1.4902181       0.61282406E-02
  4.7553404        2.3061135       0.13207835E-01  -0.35166645       0.96695188E-02
  4.7860201        2.2510580       0.14255795E-01   0.87904064       0.13136313E-01
  4.8166997        2.1476477       0.12939008E-01    1.7551582       0.12937490E-01
  4.8473793        2.0030113       0.98123408E-02    1.9990382       0.93464244E-02
  4.8780589        1.8267185       0.64167891E-02    1.6224346       0.58962750E-02
  4.9087385        1.6301996       0.53140172E-02   0.88165475       0.52557726E-02
  4.9394181        1.4265452       0.64989143E-02   0.11015498       0.64410467E-02
  4.9700978        1.2304700       0.70644493E-02  -0.45474964       0.63974827E-02
  5.0007774        1.0578376       0.58948366E-02  -0.74873904       0.38633364E-02
  5.0314570       0.92362369       0.31359692E-02  -0.84025770       0.95889037E-03
  5.0621366       0.83724107       0.83392496E-03  -0.83194000       0.75789268E-03
  5.0928162       0.79709455       0.43255791E-02  -0.78295866       0.37326182E-02
  5.1234958       0.79055083       0.71270553E-02  -0.69251211       0.71125519E-02
  5.1541754       0.80108896       0.85181964E-02  -0.53090713       0.77664121E-02
  5.1848551       0.81529124       0.83641606E-02  -0.28013370       0.53037144E-02
  5.2155347       0.82470767       0.70109994E-02   0.42508371E-01   0.20778555E-02
  5.2462143       0.82447289       0.52773891E-02   0.38138245       0.40739477E-03
  5.2768939       0.81170591       0.43189264E-02   0.65419440       0.31585975E-03
  5.3075735       0.78496289       0.44865315E-02   0.77625588       0.15902958E-03
  5.3382531       0.74458734       0.46758093E-02   0.69565350      -0.97717464E-03
  5.3689328       0.69320752       0.40609737E-02   0.42656236      -0.21298891E-02
  5.3996124       0.63565628       0.26122293E-02   0.57519286E-01  -0.18579233E-02
  5.4302920       0.57795151       0.15599278E-02  -0.28031929      -0.34778987E-03
  5.4609716       0.52550084       0.31865518E-02  -0.47285826       0.43559818E-03
  5.4916512       0.48132245       0.52460110E-02  -0.47489434      -0.11388639E-02
  5.5223308       0.44543460       0.66648570E-02  -0.32141019      -0.43889390E-02
  5.5530105       0.41588892       0.71230316E-02  -0.95400279E-01  -0.67802263E-02
  5.5836901       0.39043952       0.65844462E-02   0.11985182      -0.64045349E-02
  5.6143697       0.36733732       0.52372598E-02   0.27082134      -0.38187341E-02
  5.6450493       0.34491037       0.34564718E-02   0.33513289      -0.13325223E-02
  5.6757289       0.32096027       0.18998995E-02   0.30951989      -0.62697723E-03
  5.7064085       0.29313207       0.18386134E-02   0.20498351      -0.12815453E-02
  5.7370881       0.26041366       0.27103789E-02   0.52689890E-01  -0.16161675E-02
  5.7677678       0.22504894       0.32217481E-02  -0.94319861E-01  -0.68613306E-03
  5.7984474       0.19392631       0.31139477E-02  -0.17767405       0.81942851E-03
  5.8291270       0.17728176       0.24697254E-02  -0.16340859       0.15892350E-02
  5.8598066       0.18082448       0.16096268E-02  -0.63027784E-01   0.12615911E-02
  5.8904862       0.19822739       0.13201762E-02   0.72443964E-01   0.74250642E-03
  5.9211658       0.21765436       0.19472630E-02   0.18263596       0.10384871E-02
  5.9518455       0.23080625       0.25876156E-02   0.23055791       0.20608478E-02
  5.9825251       0.23494574       0.28115961E-02   0.21606799       0.27686922E-02
  6.0132047       0.23207020       0.25256514E-02   0.16495780       0.24018548E-02
  6.0438843       0.22771040       0.18127989E-02   0.10594622       0.13426270E-02
  6.0745639       0.22901632       0.96409525E-03   0.52620653E-01   0.65910211E-03
  6.1052435       0.24135243       0.92352542E-03  -0.26914393E-03   0.91749359E-03
  6.1359232       0.26492394       0.16431903E-02  -0.67178611E-01   0.16198065E-02
  6.1666028       0.29468912       0.21646209E-02  -0.15586676       0.18328338E-02
  6.1972824       0.32296656       0.22732856E-02  -0.25421708       0.12234776E-02
  6.2279620       0.34171487       0.19854007E-02  -0.32877961       0.34069706E-03
  6.2586416       0.34378062       0.14900223E-02  -0.34033494      -0.85288159E-04
  6.2893212       0.32377067       0.12074886E-02  -0.27143209       0.40387917E-04
  6.3200008       0.27892587       0.14573558E-02  -0.14796813       0.15346192E-03
  6.3506805       0.21028303       0.18540968E-02  -0.33731175E-01  -0.25271054E-03
  6.3813601       0.12675689       0.20409611E-02   0.75341078E-02  -0.10346996E-02
  6.4120397       0.82072346E-01   0.19157157E-02  -0.39065892E-01  -0.15793520E-02
  6.4427193       0.16268948       0.15228742E-02  -0.11757882      -0.14948683E-02
  6.4733989       0.28026237       0.10143832E-02  -0.13041953      -0.10116241E-02
  6.5040785       0.39723820       0.68114208E-03  -0.58117004E-02  -0.68041119E-03
  6.5347582       0.50192873       0.77749852E-03   0.24239271      -0.75812382E-03
  6.5654378       0.58741938       0.97304275E-03   0.50813070      -0.97238849E-03
  6.5961174       0.64957056       0.10131731E-02   0.64932407      -0.88064963E-03
  6.6267970       0.68663604       0.87373996E-03   0.57159655      -0.38052441E-03
  6.6574766       0.69892828       0.62897466E-03   0.28520368       0.18639320E-03
  6.6881562       0.68837626       0.41631029E-03  -0.99264899E-01   0.40531468E-03
  6.7188359       0.65802585       0.37463004E-03  -0.42949697       0.19866839E-03
  6.7495155       0.61156826       0.40834589E-03  -0.58590093      -0.14505397E-03
  6.7801951       0.55298400       0.36348810E-03  -0.53088386      -0.29995904E-03
  6.8108747       0.48639051       0.22795767E-03  -0.31374872      -0.21127520E-03
  6.8415543       0.41620597       0.20967444E-03  -0.38435023E-01  -0.90393839E-04
  6.8722339       0.34781324       0.44890313E-03   0.18399804      -0.16287307E-03
  6.9029135       0.28896915       0.71323528E-03   0.27656444      -0.45770762E-03
  6.9335932       0.25139893       0.92857036E-03   0.21844834      -0.81919222E-03
  6.9642728       0.24788005       0.10757144E-02   0.45211331E-01  -0.10687815E-02
  6.9949524       0.28088401       0.11621984E-02  -0.16820438      -0.11296514E-02
  7.0256320       0.34021689       0.12087211E-02  -0.33327769      -0.10242304E-02
  7.0563116       0.41444249       0.12342476E-02  -0.37464185      -0.80435232E-03
  7.0869912       0.49593478       0.12465686E-02  -0.25319362      -0.50991358E-03
  7.1176709       0.57951560       0.12443045E-02   0.16915566E-01  -0.17801976E-03
  7.1483505       0.66071109       0.12271456E-02   0.36220042       0.14280284E-03
  7.1790301       0.73493652       0.12061539E-02   0.66326888       0.40953431E-03
  7.2097097       0.79742164       0.12085296E-02   0.79353806       0.61910353E-03
  7.2403893       0.84358582       0.12720078E-02   0.67493438       0.82251633E-03
  7.2710689       0.86961599       0.14254708E-02   0.32426863       0.10973563E-02
  7.3017486       0.87304912       0.16692934E-02  -0.14124480       0.14869100E-02
  7.3324282       0.85322340       0.19753924E-02  -0.55214129       0.19376475E-02
  7.3631078       0.81153264       0.22999930E-02  -0.76697189       0.22814751E-02
  7.3937874       0.75148573       0.25947008E-02  -0.73818800       0.23001506E-02
  7.4244670       0.67862050       0.28154920E-02  -0.52356364       0.18564788E-02
  7.4551466       0.60032281       0.29326812E-02  -0.23908639       0.10049587E-02
  7.4858262       0.52549055       0.29411407E-02   0.11582158E-01  -0.19814272E-04
  7.5165059       0.46363745       0.28664372E-02   0.18360920      -0.94851199E-03
  7.5471855       0.42258055       0.27595171E-02   0.28871591      -0.16394707E-02
  7.5778651       0.40468352       0.26726063E-02   0.35728164      -0.21121330E-02
  7.6085447       0.40485915       0.26229985E-02   0.40070168      -0.24292162E-02
  7.6392243       0.41353676       0.25765842E-02   0.40223125      -0.25648503E-02
  7.6699039       0.42159989       0.24729411E-02   0.33721036      -0.24130680E-02
  7.7005836       0.42298193       0.22677539E-02   0.20094215      -0.19322096E-02
  7.7312632       0.41481708       0.19600315E-02   0.20903247E-01  -0.12566604E-02
  7.7619428       0.39665483       0.15961593E-02  -0.15397210      -0.63095986E-03
  7.7926224       0.36957533       0.12523188E-02  -0.27667472      -0.21928569E-03
  7.8233020       0.33546332       0.98954607E-03  -0.32203501       0.61644158E-05
  7.8539816       0.29651068       0.79372218E-03  -0.29333469       0.17287739E-03
  7.8846612       0.25495985       0.58494252E-03  -0.21575935       0.31639585E-03
  7.9153409       0.21304322       0.32578851E-03  -0.12284118       0.31297584E-03
  7.9460205       0.17300705       0.29791011E-03  -0.42804815E-01   0.22962429E-04
  7.9767001       0.13705584       0.66932640E-03   0.10013365E-01  -0.51320783E-03
  8.0073797       0.10703603       0.10695735E-02   0.35969433E-01  -0.10545377E-02
  8.0380593       0.83785881E-01   0.13942516E-02   0.43925619E-01  -0.13498905E-02
  8.0687389       0.66622958E-01   0.16217471E-02   0.42872198E-01  -0.13351787E-02
  8.0994186       0.54361969E-01   0.17918412E-02   0.37700747E-01  -0.11243197E-02
  8.1300982       0.48726628E-01   0.19784061E-02   0.31844449E-01  -0.81793349E-03
  8.1607778       0.55697637E-01   0.22232215E-02   0.32564314E-01  -0.36513110E-03
  8.1914574       0.76943806E-01   0.24901730E-02   0.50790840E-01   0.34789887E-03
  8.2221370       0.10773189       0.26935693E-02   0.91703682E-01   0.12773577E-02
  8.2528166       0.14350945       0.27549978E-02   0.14231044       0.21312055E-02
  8.2834963       0.18119830       0.26381577E-02   0.16899048       0.25394007E-02
  8.3141759       0.21873230       0.23569869E-02   0.13329836       0.23315400E-02
  8.3448555       0.25476538       0.19649119E-02   0.19820988E-01   0.16509118E-02
  8.3755351       0.28841072       0.15322180E-02  -0.14305744       0.81205078E-03
  8.4062147       0.31893878       0.11227898E-02  -0.28791866       0.74600757E-04
  8.4368943       0.34551812       0.79597925E-03  -0.34083178      -0.43986807E-03
  8.4675739       0.36711830       0.66434834E-03  -0.26340211      -0.66367895E-03
  8.4982536       0.38263145       0.82912600E-03  -0.77313650E-01  -0.51080291E-03
  8.5289332       0.39117018       0.11540589E-02   0.14516405       0.44836599E-04
  8.5596128       0.39242842       0.14713263E-02   0.31863387       0.83034423E-03
  8.5902924       0.38697419       0.16775556E-02   0.38588568       0.14894084E-02
  8.6209720       0.37636157       0.17175061E-02   0.33850721       0.17162931E-02
  8.6516516       0.36297760       0.15925913E-02   0.20866547       0.15051944E-02
  8.6823313       0.34957925       0.13790975E-02   0.43861470E-01   0.11478597E-02
  8.7130109       0.33856707       0.12356094E-02  -0.11514750       0.95272442E-03
  8.7436905       0.33122533       0.13028783E-02  -0.24098058       0.95451257E-03
  8.7743701       0.32731861       0.15163490E-02  -0.31421626       0.90556961E-03
  8.8050497       0.32530539       0.17056393E-02  -0.31881835       0.55291447E-03
  8.8357293       0.32301204       0.17629746E-02  -0.24727381      -0.87255560E-04
  8.8664090       0.31834476       0.16610907E-02  -0.11178894      -0.73178875E-03
  8.8970886       0.30974731       0.14317521E-02   0.50834301E-01  -0.10869351E-02
  8.9277682       0.29637693       0.11414510E-02   0.18961729      -0.10825866E-02
  8.9584478       0.27810113       0.86243765E-03   0.26153634      -0.86164740E-03
  8.9891274       0.25540658       0.64115589E-03   0.25136951      -0.58138321E-03
  9.0198070       0.22925076       0.49021397E-03   0.17623848      -0.27076898E-03
  9.0504866       0.20084416       0.44494623E-03   0.73158894E-01   0.11089985E-03
  9.0811663       0.17135347       0.56813165E-03  -0.20380675E-01   0.51796144E-03
  9.1118459       0.14157103       0.80555756E-03  -0.80272757E-01   0.77621192E-03
  9.1425255       0.11168250       0.10548261E-02  -0.98874622E-01   0.71965644E-03
  9.1732051       0.81317567E-01   0.12476542E-02  -0.81301546E-01   0.35380563E-03
  9.2038847       0.50072792E-01   0.13575539E-02  -0.41524736E-01  -0.14161602E-03
  9.2345643       0.20115712E-01   0.14037611E-02  -0.73480874E-04  -0.57620437E-03
  9.2652440       0.25747375E-01   0.14422747E-02   0.20305998E-01  -0.90070104E-03
  9.2959236       0.59001704E-01   0.15266593E-02   0.39660655E-02  -0.11908679E-02
  9.3266032       0.92711608E-01   0.16585547E-02  -0.46924435E-01  -0.15006983E-02
  9.3572828       0.12300837       0.17880287E-02  -0.10893657      -0.17626100E-02
  9.3879624       0.14741747       0.18600519E-02  -0.14710523      -0.18458347E-02
  9.4186420       0.16412951       0.18522781E-02  -0.13417377      -0.16976036E-02
  9.4493217       0.17219477       0.17871233E-02  -0.67497523E-01  -0.14013099E-02
  9.4800013       0.17166691       0.17207477E-02   0.27706329E-01  -0.10876403E-02
  9.5106809       0.16362976       0.17061787E-02   0.11094282      -0.80347696E-03
  9.5413605       0.15017060       0.17481194E-02   0.14677855      -0.48590150E-03
  9.5720401       0.13442460       0.18000948E-02   0.12120657      -0.64044494E-04
  9.6027197       0.12073697       0.18074704E-02   0.46674677E-01   0.43189598E-03
  9.6333993       0.11438460       0.17444846E-02  -0.44218283E-01   0.87680253E-03
  9.6640790       0.11939550       0.16241977E-02  -0.11178894       0.11607640E-02
  9.6947586       0.13549388       0.14880572E-02  -0.12415104       0.12789805E-02
  9.7254382       0.15880026       0.13791550E-02  -0.69988286E-01   0.13075128E-02
  9.7561178       0.18489960       0.13087905E-02   0.34756176E-01   0.13014466E-02
  9.7867974       0.21023813       0.12469071E-02   0.15032828       0.12333892E-02
  9.8174770       0.23219045       0.11494863E-02   0.22799259       0.10379113E-02
  9.8481567       0.24892945       0.98963247E-03   0.23137181       0.70832045E-03
  9.8788363       0.25936802       0.76792503E-03   0.15396638       0.33871325E-03
  9.9095159       0.26312515       0.50710991E-03   0.22875622E-01   0.67042630E-04
  9.9401955       0.26045786       0.24190181E-03  -0.11393214      -0.22725312E-04
  9.9708751       0.25214232       0.59173252E-04  -0.20978670       0.51996450E-04
