# data from ifeffit
#------------------------
#   energy    f1
  8774.1040       -3.4132395
  8775.1040       -3.3980377
  8776.1040       -3.4001097
  8777.1040       -3.3995803
  8778.1040       -3.4033748
  8779.1040       -3.4061799
  8780.1040       -3.4107987
  8781.1040       -3.4152110
  8782.1040       -3.4203182
  8783.1040       -3.4256015
  8784.1040       -3.4308535
  8785.1040       -3.4364902
  8786.1040       -3.4416425
  8787.1040       -3.4473634
  8788.1040       -3.4523007
  8789.1040       -3.4579675
  8790.1040       -3.4626466
  8791.1040       -3.4682091
  8792.1040       -3.4726553
  8793.1040       -3.4781629
  8794.1040       -3.4825114
  8795.1040       -3.4880950
  8796.1040       -3.4924583
  8797.1040       -3.4981774
  8798.1040       -3.5026062
  8799.1040       -3.5084862
  8800.1040       -3.5130051
  8801.1040       -3.5190522
  8802.1040       -3.5236650
  8803.1040       -3.5298632
  8804.1040       -3.5345448
  8805.1040       -3.5408592
  8806.1040       -3.5455877
  8807.1040       -3.5520011
  8808.1040       -3.5567680
  8809.1040       -3.5632717
  8810.1040       -3.5680736
  8811.1040       -3.5746636
  8812.1040       -3.5795004
  8813.1040       -3.5861763
  8814.1040       -3.5910517
  8815.1040       -3.5978165
  8816.1040       -3.6027349
  8817.1040       -3.6095915
  8818.1040       -3.6145574
  8819.1040       -3.6215098
  8820.1040       -3.6265285
  8821.1040       -3.6335824
  8822.1040       -3.6386615
  8823.1040       -3.6458258
  8824.1040       -3.6509777
  8825.1040       -3.6582652
  8826.1040       -3.6635002
  8827.1040       -3.6709176
  8828.1040       -3.6762405
  8829.1040       -3.6837910
  8830.1040       -3.6892035
  8831.1040       -3.6968873
  8832.1040       -3.7023877
  8833.1040       -3.7102008
  8834.1040       -3.7157815
  8835.1040       -3.7237155
  8836.1040       -3.7293700
  8837.1040       -3.7374209
  8838.1040       -3.7431460
  8839.1040       -3.7513120
  8840.1040       -3.7571058
  8841.1040       -3.7653858
  8842.1040       -3.7712464
  8843.1040       -3.7796386
  8844.1040       -3.7855625
  8845.1040       -3.7940642
  8846.1040       -3.8000503
  8847.1040       -3.8086640
  8848.1040       -3.8147157
  8849.1040       -3.8234477
  8850.1040       -3.8295723
  8851.1040       -3.8384329
  8852.1040       -3.8446423
  8853.1040       -3.8536491
  8854.1040       -3.8599658
  8855.1040       -3.8691440
  8856.1040       -3.8755870
  8857.1040       -3.8849514
  8858.1040       -3.8915307
  8859.1040       -3.9010898
  8860.1040       -3.9078099
  8861.1040       -3.9175677
  8862.1040       -3.9244284
  8863.1040       -3.9343822
  8864.1040       -3.9413744
  8865.1040       -3.9515152
  8866.1040       -3.9586311
  8867.1040       -3.9689565
  8868.1040       -3.9761941
  8869.1040       -3.9867055
  8870.1040       -3.9940651
  8871.1040       -4.0047657
  8872.1040       -4.0122489
  8873.1040       -4.0231427
  8874.1040       -4.0307512
  8875.1040       -4.0418429
  8876.1040       -4.0495806
  8877.1040       -4.0608782
  8878.1040       -4.0687522
  8879.1040       -4.0802673
  8880.1040       -4.0882877
  8881.1040       -4.1000350
  8882.1040       -4.1082160
  8883.1040       -4.1202163
  8884.1040       -4.1285808
  8885.1040       -4.1408622
  8886.1040       -4.1494312
  8887.1040       -4.1620136
  8888.1040       -4.1708006
  8889.1040       -4.1836992
  8890.1040       -4.1927137
  8891.1040       -4.2059403
  8892.1040       -4.2151879
  8893.1040       -4.2287493
  8894.1040       -4.2382285
  8895.1040       -4.2521263
  8896.1040       -4.2618369
  8897.1040       -4.2760802
  8898.1040       -4.2860291
  8899.1040       -4.3006322
  8900.1040       -4.3108302
  8901.1040       -4.3258113
  8902.1040       -4.3362720
  8903.1040       -4.3516537
  8904.1040       -4.3623980
  8905.1040       -4.3782103
  8906.1040       -4.3892589
  8907.1040       -4.4055262
  8908.1040       -4.4168938
  8909.1040       -4.4336371
  8910.1040       -4.4453344
  8911.1040       -4.4625706
  8912.1040       -4.4746021
  8913.1040       -4.4923377
  8914.1040       -4.5046882
  8915.1040       -4.5229161
  8916.1040       -4.5355833
  8917.1040       -4.5543316
  8918.1040       -4.5673471
  8919.1040       -4.5866737
  8920.1040       -4.6000967
  8921.1040       -4.6200913
  8922.1040       -4.6340195
  8923.1040       -4.6548342
  8924.1040       -4.6694641
  8925.1040       -4.6913327
  8926.1040       -4.7068241
  8927.1040       -4.7298423
  8928.1040       -4.7462071
  8929.1040       -4.7703464
  8930.1040       -4.7874663
  8931.1040       -4.8125292
  8932.1040       -4.8299538
  8933.1040       -4.8550285
  8934.1040       -4.8723810
  8935.1040       -4.8988529
  8936.1040       -4.9172785
  8937.1040       -4.9451501
  8938.1040       -4.9646208
  8939.1040       -4.9941369
  8940.1040       -5.0143941
  8941.1040       -5.0456411
  8942.1040       -5.0675711
  8943.1040       -5.0998408
  8944.1040       -5.1227094
  8945.1040       -5.1575846
  8946.1040       -5.1819571
  8947.1040       -5.2187278
  8948.1040       -5.2448431
  8949.1040       -5.2841504
  8950.1040       -5.3117618
  8951.1040       -5.3536476
  8952.1040       -5.3834083
  8953.1040       -5.4288198
  8954.1040       -5.4609785
  8955.1040       -5.5099391
  8956.1040       -5.5451375
  8957.1040       -5.5989051
  8958.1040       -5.6374217
  8959.1040       -5.6966679
  8960.1040       -5.7392558
  8961.1040       -5.8052245
  8962.1040       -5.8529462
  8963.1040       -5.9272521
  8964.1040       -5.9816795
  8965.1040       -6.0678243
  8966.1040       -6.1309883
  8967.1040       -6.2320158
  8968.1040       -6.3100080
  8969.1040       -6.4329544
  8970.1040       -6.5307112
  8971.1040       -6.6941858
  8972.1040       -6.8357325
  8973.1040       -7.0711674
  8974.1040       -7.3229790
  8975.1040       -7.7168276
  8976.1040       -7.6311068
  8977.1040       -7.3380921
  8978.1040       -6.8704770
  8979.1040       -7.2478497
  8980.1040       -7.5147495
  8981.1040       -7.4358383
  8982.1040       -7.5047844
  8983.1040       -7.4736805
  8984.1040       -7.5656997
  8985.1040       -7.5715687
  8986.1040       -7.5664382
  8987.1040       -7.4375124
  8988.1040       -7.2776601
  8989.1040       -6.9834978
  8990.1040       -6.6625833
  8991.1040       -6.3776551
  8992.1040       -6.2164565
  8993.1040       -6.1118695
  8994.1040       -6.1133114
  8995.1040       -6.1293044
  8996.1040       -6.1772018
  8997.1040       -6.1264236
  8998.1040       -6.0265888
  8999.1040       -5.8289669
  9000.1040       -5.6172049
  9001.1040       -5.4564584
  9002.1040       -5.3604436
  9003.1040       -5.3002835
  9004.1040       -5.2871999
  9005.1040       -5.2739541
  9006.1040       -5.2867055
  9007.1040       -5.3119038
  9008.1040       -5.3600451
  9009.1040       -5.3855668
  9010.1040       -5.4110527
  9011.1040       -5.4255327
  9012.1040       -5.4419184
  9013.1040       -5.4433644
  9014.1040       -5.4409662
  9015.1040       -5.4091703
  9016.1040       -5.3818040
  9017.1040       -5.3384100
  9018.1040       -5.2871842
  9019.1040       -5.2099159
  9020.1040       -5.1275485
  9021.1040       -5.0224362
  9022.1040       -4.9149624
  9023.1040       -4.8036212
  9024.1040       -4.7176937
  9025.1040       -4.6535908
  9026.1040       -4.6171184
  9027.1040       -4.5826609
  9028.1040       -4.5790541
  9029.1040       -4.5828087
  9030.1040       -4.5960903
  9031.1040       -4.6080873
  9032.1040       -4.6308458
  9033.1040       -4.6474818
  9034.1040       -4.6661188
  9035.1040       -4.6702448
  9036.1040       -4.6713955
  9037.1040       -4.6574188
  9038.1040       -4.6391069
  9039.1040       -4.6115414
  9040.1040       -4.5963507
  9041.1040       -4.5859540
  9042.1040       -4.5900260
  9043.1040       -4.5921017
  9044.1040       -4.5998482
  9045.1040       -4.5954248
  9046.1040       -4.5836880
  9047.1040       -4.5576483
  9048.1040       -4.5356013
  9049.1040       -4.5136953
  9050.1040       -4.5052468
  9051.1040       -4.4992261
  9052.1040       -4.5018564
  9053.1040       -4.4986794
  9054.1040       -4.4956332
  9055.1040       -4.4803541
  9056.1040       -4.4619514
  9057.1040       -4.4354887
  9058.1040       -4.4143387
  9059.1040       -4.3901564
  9060.1040       -4.3716034
  9061.1040       -4.3487832
  9062.1040       -4.3299327
  9063.1040       -4.3053072
  9064.1040       -4.2807584
  9065.1040       -4.2449399
  9066.1040       -4.2045311
  9067.1040       -4.1512486
  9068.1040       -4.0954847
  9069.1040       -4.0327694
  9070.1040       -3.9753994
  9071.1040       -3.9150840
  9072.1040       -3.8582717
  9073.1040       -3.8050397
  9074.1040       -3.7720266
  9075.1040       -3.7479762
  9076.1040       -3.7341528
  9077.1040       -3.7220785
  9078.1040       -3.7189939
  9079.1040       -3.7150935
  9080.1040       -3.7161400
  9081.1040       -3.7170526
  9082.1040       -3.7255851
  9083.1040       -3.7300088
  9084.1040       -3.7325428
  9085.1040       -3.7236693
  9086.1040       -3.7107347
  9087.1040       -3.6930132
  9088.1040       -3.6832619
  9089.1040       -3.6773968
  9090.1040       -3.6835267
  9091.1040       -3.6956974
  9092.1040       -3.7202027
  9093.1040       -3.7482794
  9094.1040       -3.7834413
  9095.1040       -3.8164448
  9096.1040       -3.8508613
  9097.1040       -3.8785163
  9098.1040       -3.9042673
  9099.1040       -3.9227937
  9100.1040       -3.9419288
  9101.1040       -3.9540943
  9102.1040       -3.9611049
  9103.1040       -3.9562425
  9104.1040       -3.9490609
  9105.1040       -3.9360154
  9106.1040       -3.9217449
  9107.1040       -3.8995587
  9108.1040       -3.8770457
  9109.1040       -3.8511272
  9110.1040       -3.8291493
  9111.1040       -3.8068809
  9112.1040       -3.7915175
  9113.1040       -3.7795714
  9114.1040       -3.7775612
  9115.1040       -3.7798559
  9116.1040       -3.7911696
  9117.1040       -3.8053859
  9118.1040       -3.8264523
  9119.1040       -3.8454426
  9120.1040       -3.8623496
  9121.1040       -3.8671781
  9122.1040       -3.8603282
  9123.1040       -3.8341116
  9124.1040       -3.7954192
  9125.1040       -3.7426404
  9126.1040       -3.6844121
  9127.1040       -3.6200998
  9128.1040       -3.5581689
  9129.1040       -3.4967841
  9130.1040       -3.4428634
  9131.1040       -3.3917344
  9132.1040       -3.3473967
  9133.1040       -3.3039189
  9134.1040       -3.2642785
  9135.1040       -3.2226484
  9136.1040       -3.1836026
  9137.1040       -3.1427697
  9138.1040       -3.1047081
  9139.1040       -3.0647683
  9140.1040       -3.0285674
  9141.1040       -2.9949599
  9142.1040       -2.9717069
  9143.1040       -2.9538223
  9144.1040       -2.9432701
  9145.1040       -2.9342257
  9146.1040       -2.9319184
  9147.1040       -2.9332106
  9148.1040       -2.9435813
  9149.1040       -2.9598121
  9150.1040       -2.9865354
  9151.1040       -3.0185646
  9152.1040       -3.0588060
  9153.1040       -3.1020308
  9154.1040       -3.1515212
  9155.1040       -3.2020948
  9156.1040       -3.2566623
  9157.1040       -3.3095397
  9158.1040       -3.3625042
  9159.1040       -3.4077840
  9160.1040       -3.4463362
  9161.1040       -3.4739157
  9162.1040       -3.4957389
  9163.1040       -3.5084350
  9164.1040       -3.5148240
  9165.1040       -3.5098089
  9166.1040       -3.4978563
  9167.1040       -3.4773222
  9168.1040       -3.4543087
  9169.1040       -3.4261213
  9170.1040       -3.3974504
  9171.1040       -3.3651485
  9172.1040       -3.3336783
  9173.1040       -3.2999445
  9174.1040       -3.2688419
  9175.1040       -3.2384324
  9176.1040       -3.2140637
  9177.1040       -3.1925353
  9178.1040       -3.1774416
  9179.1040       -3.1646457
  9180.1040       -3.1571108
  9181.1040       -3.1500648
  9182.1040       -3.1462241
  9183.1040       -3.1409115
  9184.1040       -3.1367138
  9185.1040       -3.1295280
  9186.1040       -3.1226838
  9187.1040       -3.1128643
  9188.1040       -3.1047514
  9189.1040       -3.0972179
  9190.1040       -3.0958489
  9191.1040       -3.0980640
  9192.1040       -3.1077663
  9193.1040       -3.1211677
  9194.1040       -3.1403705
  9195.1040       -3.1596268
  9196.1040       -3.1802635
  9197.1040       -3.1966172
  9198.1040       -3.2095236
  9199.1040       -3.2137875
  9200.1040       -3.2114237
  9201.1040       -3.1982051
  9202.1040       -3.1776391
  9203.1040       -3.1479907
  9204.1040       -3.1150658
  9205.1040       -3.0774928
  9206.1040       -3.0409077
  9207.1040       -3.0040485
  9208.1040       -2.9709466
  9209.1040       -2.9376567
  9210.1040       -2.9062968
  9211.1040       -2.8733503
  9212.1040       -2.8422622
  9213.1040       -2.8102674
  9214.1040       -2.7806747
  9215.1040       -2.7501059
  9216.1040       -2.7216032
  9217.1040       -2.6926363
  9218.1040       -2.6679397
  9219.1040       -2.6461192
  9220.1040       -2.6308113
  9221.1040       -2.6185248
  9222.1040       -2.6115314
  9223.1040       -2.6066277
  9224.1040       -2.6071597
  9225.1040       -2.6105657
  9226.1040       -2.6196060
  9227.1040       -2.6302931
  9228.1040       -2.6441973
  9229.1040       -2.6576938
  9230.1040       -2.6735955
  9231.1040       -2.6892157
  9232.1040       -2.7073579
  9233.1040       -2.7248791
  9234.1040       -2.7441815
  9235.1040       -2.7618843
  9236.1040       -2.7800028
  9237.1040       -2.7946330
  9238.1040       -2.8078498
  9239.1040       -2.8164587
  9240.1040       -2.8230750
  9241.1040       -2.8250304
  9242.1040       -2.8256893
  9243.1040       -2.8235041
  9244.1040       -2.8224460
  9245.1040       -2.8204059
  9246.1040       -2.8207041
  9247.1040       -2.8208595
  9248.1040       -2.8235171
  9249.1040       -2.8251585
  9250.1040       -2.8275095
  9251.1040       -2.8275296
  9252.1040       -2.8282680
  9253.1040       -2.8278436
  9254.1040       -2.8293589
  9255.1040       -2.8302435
  9256.1040       -2.8329834
  9257.1040       -2.8347142
  9258.1040       -2.8377668
  9259.1040       -2.8390431
  9260.1040       -2.8406781
  9261.1040       -2.8397965
  9262.1040       -2.8387307
  9263.1040       -2.8347371
  9264.1040       -2.8303874
  9265.1040       -2.8233643
  9266.1040       -2.8166548
  9267.1040       -2.8080340
  9268.1040       -2.8002332
  9269.1040       -2.7908623
  9270.1040       -2.7825524
  9271.1040       -2.7728870
  9272.1040       -2.7644500
  9273.1040       -2.7548265
  9274.1040       -2.7466129
  9275.1040       -2.7375159
  9276.1040       -2.7302592
  9277.1040       -2.7224646
  9278.1040       -2.7164714
  9279.1040       -2.7094712
  9280.1040       -2.7035641
  9281.1040       -2.6961351
  9282.1040       -2.6894951
  9283.1040       -2.6811617
  9284.1040       -2.6735202
  9285.1040       -2.6642102
  9286.1040       -2.6557667
  9287.1040       -2.6457971
  9288.1040       -2.6364647
  9289.1040       -2.6248059
  9290.1040       -2.6125874
  9291.1040       -2.5972705
  9292.1040       -2.5813166
  9293.1040       -2.5627515
  9294.1040       -2.5443709
  9295.1040       -2.5244527
  9296.1040       -2.5063466
  9297.1040       -2.4887202
  9298.1040       -2.4742938
  9299.1040       -2.4607895
  9300.1040       -2.4501711
  9301.1040       -2.4399115
  9302.1040       -2.4320516
  9303.1040       -2.4239740
  9304.1040       -2.4176392
  9305.1040       -2.4108068
  9306.1040       -2.4060360
  9307.1040       -2.4016924
  9308.1040       -2.4003558
  9309.1040       -2.3999199
  9310.1040       -2.4025352
  9311.1040       -2.4058173
  9312.1040       -2.4116749
  9313.1040       -2.4174053
  9314.1040       -2.4244318
  9315.1040       -2.4299877
  9316.1040       -2.4358998
  9317.1040       -2.4398064
  9318.1040       -2.4437507
  9319.1040       -2.4454244
  9320.1040       -2.4467687
  9321.1040       -2.4453365
  9322.1040       -2.4430773
  9323.1040       -2.4378784
  9324.1040       -2.4320815
  9325.1040       -2.4239462
  9326.1040       -2.4159598
  9327.1040       -2.4064256
  9328.1040       -2.3980330
  9329.1040       -2.3892808
  9330.1040       -2.3826156
  9331.1040       -2.3761998
  9332.1040       -2.3722230
  9333.1040       -2.3687898
  9334.1040       -2.3682273
  9335.1040       -2.3690400
  9336.1040       -2.3739626
  9337.1040       -2.3810296
  9338.1040       -2.3918128
  9339.1040       -2.4029330
  9340.1040       -2.4148967
  9341.1040       -2.4247696
  9342.1040       -2.4338720
  9343.1040       -2.4395969
  9344.1040       -2.4436001
  9345.1040       -2.4439752
  9346.1040       -2.4433369
  9347.1040       -2.4408261
  9348.1040       -2.4392028
  9349.1040       -2.4369309
  9350.1040       -2.4362370
  9351.1040       -2.4353108
  9352.1040       -2.4360594
  9353.1040       -2.4363083
  9354.1040       -2.4373773
  9355.1040       -2.4366844
  9356.1040       -2.4359375
  9357.1040       -2.4332554
  9358.1040       -2.4309611
  9359.1040       -2.4275056
  9360.1040       -2.4249713
  9361.1040       -2.4215195
  9362.1040       -2.4190438
  9363.1040       -2.4156200
  9364.1040       -2.4131116
  9365.1040       -2.4095591
  9366.1040       -2.4067427
  9367.1040       -2.4027223
  9368.1040       -2.3993571
  9369.1040       -2.3948066
  9370.1040       -2.3909935
  9371.1040       -2.3860957
  9372.1040       -2.3819937
  9373.1040       -2.3768596
  9374.1040       -2.3725584
  9375.1040       -2.3672421
  9376.1040       -2.3627208
  9377.1040       -2.3570886
  9378.1040       -2.3521001
  9379.1040       -2.3459140
  9380.1040       -2.3403651
  9381.1040       -2.3337073
  9382.1040       -2.3278267
  9383.1040       -2.3209730
  9384.1040       -2.3150058
  9385.1040       -2.3082113
  9386.1040       -2.3024363
  9387.1040       -2.2958716
  9388.1040       -2.2902083
  9389.1040       -2.2834656
  9390.1040       -2.2772402
  9391.1040       -2.2696812
  9392.1040       -2.2625140
  9393.1040       -2.2539757
  9394.1040       -2.2458526
  9395.1040       -2.2364642
  9396.1040       -2.2276916
  9397.1040       -2.2180151
  9398.1040       -2.2093659
  9399.1040       -2.2001054
  9400.1040       -2.1920024
  9401.1040       -2.1832906
  9402.1040       -2.1756838
  9403.1040       -2.1675317
  9404.1040       -2.1606934
  9405.1040       -2.1537068
  9406.1040       -2.1484935
  9407.1040       -2.1434604
  9408.1040       -2.1403724
  9409.1040       -2.1375538
  9410.1040       -2.1366876
  9411.1040       -2.1360388
  9412.1040       -2.1372047
  9413.1040       -2.1383483
  9414.1040       -2.1409846
  9415.1040       -2.1433158
  9416.1040       -2.1468934
  9417.1040       -2.1499338
  9418.1040       -2.1541328
  9419.1040       -2.1584487
  9420.1040       -2.1675479
  9421.1040       -2.1863753
  9422.1040       -2.1949651
  9423.1040       -2.1980940
  9424.1040       -2.2004225
  9425.1040       -2.2009010
  9426.1040       -2.2012218
  9427.1040       -2.1997924
  9428.1040       -2.1982790
  9429.1040       -2.1951904
  9430.1040       -2.1923022
  9431.1040       -2.1881276
  9432.1040       -2.1843735
  9433.1040       -2.1795563
  9434.1040       -2.1754095
  9435.1040       -2.1704183
  9436.1040       -2.1662043
  9437.1040       -2.1611381
  9438.1040       -2.1566954
  9439.1040       -2.1512423
  9440.1040       -2.1464029
  9441.1040       -2.1407290
  9442.1040       -2.1360354
  9443.1040       -2.1309817
  9444.1040       -2.1272764
  9445.1040       -2.1234833
  9446.1040       -2.1212877
  9447.1040       -2.1192393
  9448.1040       -2.1189014
  9449.1040       -2.1186886
  9450.1040       -2.1200077
  9451.1040       -2.1211368
  9452.1040       -2.1234365
  9453.1040       -2.1251916
  9454.1040       -2.1276571
  9455.1040       -2.1289601
  9456.1040       -2.1303977
  9457.1040       -2.1303531
  9458.1040       -2.1303385
  9459.1040       -2.1289380
  9460.1040       -2.1277844
  9461.1040       -2.1254946
  9462.1040       -2.1237400
  9463.1040       -2.1213012
  9464.1040       -2.1199580
  9465.1040       -2.1183397
  9466.1040       -2.1179889
  9467.1040       -2.1173465
  9468.1040       -2.1177733
  9469.1040       -2.1176971
  9470.1040       -2.1185424
  9471.1040       -2.1187799
  9472.1040       -2.1198319
  9473.1040       -2.1201833
  9474.1040       -2.1212732
  9475.1040       -2.1216161
  9476.1040       -2.1226704
  9477.1040       -2.1229704
  9478.1040       -2.1239414
  9479.1040       -2.1240830
  9480.1040       -2.1247543
  9481.1040       -2.1243953
  9482.1040       -2.1243867
  9483.1040       -2.1232656
  9484.1040       -2.1224902
  9485.1040       -2.1206921
  9486.1040       -2.1193663
  9487.1040       -2.1171108
  9488.1040       -2.1153704
  9489.1040       -2.1127269
  9490.1040       -2.1106036
  9491.1040       -2.1075783
  9492.1040       -2.1050602
  9493.1040       -2.1016225
  9494.1040       -2.0986545
  9495.1040       -2.0947279
  9496.1040       -2.0912260
  9497.1040       -2.0867197
  9498.1040       -2.0825639
  9499.1040       -2.0773204
  9500.1040       -2.0723656
  9501.1040       -2.0663032
  9502.1040       -2.0605286
  9503.1040       -2.0536726
  9504.1040       -2.0471423
  9505.1040       -2.0395896
  9506.1040       -2.0324361
  9507.1040       -2.0243705
  9508.1040       -2.0168334
  9509.1040       -2.0085127
  9510.1040       -2.0008337
  9511.1040       -1.9924988
  9512.1040       -1.9849466
  9513.1040       -1.9768760
  9514.1040       -1.9696862
  9515.1040       -1.9620465
  9516.1040       -1.9553006
  9517.1040       -1.9480991
  9518.1040       -1.9418647
  9519.1040       -1.9353740
  9520.1040       -1.9302275
  9521.1040       -1.9254391
  9522.1040       -1.9225595
  9523.1040       -1.9202915
  9524.1040       -1.9198860
  9525.1040       -1.9197364
  9526.1040       -1.9208453
  9527.1040       -1.9216812
  9528.1040       -1.9233936
  9529.1040       -1.9244973
  9530.1040       -1.9261202
  9531.1040       -1.9268202
  9532.1040       -1.9278509
  9533.1040       -1.9279002
  9534.1040       -1.9283579
  9535.1040       -1.9280448
  9536.1040       -1.9283221
  9537.1040       -1.9279201
  9538.1040       -1.9281317
  9539.1040       -1.9276384
  9540.1040       -1.9277013
  9541.1040       -1.9270253
  9542.1040       -1.9268924
  9543.1040       -1.9260343
  9544.1040       -1.9257519
  9545.1040       -1.9247790
  9546.1040       -1.9243889
  9547.1040       -1.9232995
  9548.1040       -1.9227579
  9549.1040       -1.9214675
  9550.1040       -1.9206727
  9551.1040       -1.9190884
  9552.1040       -1.9179470
  9553.1040       -1.9159435
  9554.1040       -1.9143053
  9555.1040       -1.9117908
  9556.1040       -1.9096911
  9557.1040       -1.9068549
  9558.1040       -1.9046679
  9559.1040       -1.9019744
  9560.1040       -1.9000587
  9561.1040       -1.8976906
  9562.1040       -1.8960800
  9563.1040       -1.8939446
  9564.1040       -1.8924925
  9565.1040       -1.8904687
  9566.1040       -1.8890828
  9567.1040       -1.8870778
  9568.1040       -1.8856540
  9569.1040       -1.8835683
  9570.1040       -1.8820263
  9571.1040       -1.8797857
  9572.1040       -1.8780344
  9573.1040       -1.8755457
  9574.1040       -1.8735494
  9575.1040       -1.8708715
  9576.1040       -1.8687980
  9577.1040       -1.8662292
  9578.1040       -1.8644492
  9579.1040       -1.8623186
  9580.1040       -1.8610931
  9581.1040       -1.8596594
  9582.1040       -1.8592912
  9583.1040       -1.8588061
  9584.1040       -1.8593467
  9585.1040       -1.8596047
  9586.1040       -1.8605289
  9587.1040       -1.8607021
  9588.1040       -1.8611989
  9589.1040       -1.8607809
  9590.1040       -1.8606398
  9591.1040       -1.8596706
  9592.1040       -1.8591299
  9593.1040       -1.8578845
  9594.1040       -1.8571469
  9595.1040       -1.8557893
  9596.1040       -1.8550397
  9597.1040       -1.8537624
  9598.1040       -1.8531181
  9599.1040       -1.8519123
  9600.1040       -1.8512165
  9601.1040       -1.8497421
  9602.1040       -1.8485756
  9603.1040       -1.8465521
  9604.1040       -1.8448584
  9605.1040       -1.8424546
  9606.1040       -1.8406441
  9607.1040       -1.8383661
  9608.1040       -1.8368050
  9609.1040       -1.8348180
  9610.1040       -1.8335026
  9611.1040       -1.8316457
  9612.1040       -1.8303485
  9613.1040       -1.8284532
  9614.1040       -1.8270912
  9615.1040       -1.8251423
  9616.1040       -1.8237583
  9617.1040       -1.8218060
  9618.1040       -1.8203978
  9619.1040       -1.8183718
  9620.1040       -1.8167871
  9621.1040       -1.8144466
  9622.1040       -1.8124374
  9623.1040       -1.8096203
  9624.1040       -1.8071150
  9625.1040       -1.8038183
  9626.1040       -1.8008735
  9627.1040       -1.7971959
  9628.1040       -1.7939404
  9629.1040       -1.7900548
  9630.1040       -1.7867503
  9631.1040       -1.7830173
  9632.1040       -1.7800064
  9633.1040       -1.7766302
  9634.1040       -1.7739736
  9635.1040       -1.7708734
  9636.1040       -1.7683566
  9637.1040       -1.7652984
  9638.1040       -1.7627813
  9639.1040       -1.7597226
  9640.1040       -1.7572457
  9641.1040       -1.7543014
  9642.1040       -1.7519909
  9643.1040       -1.7492351
  9644.1040       -1.7471097
  9645.1040       -1.7445138
  9646.1040       -1.7425007
  9647.1040       -1.7399777
  9648.1040       -1.7380048
  9649.1040       -1.7354940
  9650.1040       -1.7334932
  9651.1040       -1.7309117
  9652.1040       -1.7288136
  9653.1040       -1.7261404
  9654.1040       -1.7239785
  9655.1040       -1.7213103
  9656.1040       -1.7192538
  9657.1040       -1.7167811
  9658.1040       -1.7149717
  9659.1040       -1.7127784
  9660.1040       -1.7112611
  9661.1040       -1.7093626
  9662.1040       -1.7081309
  9663.1040       -1.7065052
  9664.1040       -1.7055213
  9665.1040       -1.7041059
  9666.1040       -1.7032741
  9667.1040       -1.7019562
  9668.1040       -1.7011750
  9669.1040       -1.6998693
  9670.1040       -1.6990540
  9671.1040       -1.6976623
  9672.1040       -1.6967144
  9673.1040       -1.6951696
  9674.1040       -1.6940657
  9675.1040       -1.6923892
  9676.1040       -1.6912056
  9677.1040       -1.6895085
  9678.1040       -1.6883321
  9679.1040       -1.6866460
  9680.1040       -1.6854555
  9681.1040       -1.6836970
  9682.1040       -1.6823630
  9683.1040       -1.6804300
  9684.1040       -1.6789292
  9685.1040       -1.6768770
  9686.1040       -1.6753561
  9687.1040       -1.6734174
  9688.1040       -1.6721046
  9689.1040       -1.6704240
  9690.1040       -1.6693870
  9691.1040       -1.6679738
  9692.1040       -1.6671682
  9693.1040       -1.6659481
  9694.1040       -1.6652956
  9695.1040       -1.6641851
  9696.1040       -1.6635760
  9697.1040       -1.6624209
  9698.1040       -1.6616852
  9699.1040       -1.6603562
  9700.1040       -1.6594211
  9701.1040       -1.6578897
  9702.1040       -1.6567674
  9703.1040       -1.6550775
  9704.1040       -1.6538193
  9705.1040       -1.6520169
  9706.1040       -1.6506706
  9707.1040       -1.6488158
  9708.1040       -1.6474551
  9709.1040       -1.6456220
  9710.1040       -1.6443121
  9711.1040       -1.6425627
  9712.1040       -1.6413765
  9713.1040       -1.6398016
  9714.1040       -1.6388218
  9715.1040       -1.6374610
  9716.1040       -1.6366781
  9717.1040       -1.6354684
  9718.1040       -1.6347510
  9719.1040       -1.6335270
  9720.1040       -1.6327496
  9721.1040       -1.6314523
  9722.1040       -1.6306105
  9723.1040       -1.6292907
  9724.1040       -1.6284795
  9725.1040       -1.6272317
  9726.1040       -1.6265165
  9727.1040       -1.6253861
  9728.1040       -1.6248083
  9729.1040       -1.6238378
  9730.1040       -1.6234258
  9731.1040       -1.6226106
  9732.1040       -1.6223230
  9733.1040       -1.6215759
  9734.1040       -1.6212640
  9735.1040       -1.6204070
  9736.1040       -1.6199329
  9737.1040       -1.6188933
  9738.1040       -1.6182384
  9739.1040       -1.6170553
  9740.1040       -1.6163064
  9741.1040       -1.6150601
  9742.1040       -1.6142504
  9743.1040       -1.6129302
  9744.1040       -1.6120049
  9745.1040       -1.6105057
  9746.1040       -1.6093457
  9747.1040       -1.6075879
  9748.1040       -1.6061640
  9749.1040       -1.6041602
  9750.1040       -1.6025296
  9751.1040       -1.6003685
  9752.1040       -1.5986158
  9753.1040       -1.5963617
  9754.1040       -1.5945406
  9755.1040       -1.5922481
  9756.1040       -1.5904181
  9757.1040       -1.5881400
  9758.1040       -1.5863333
  9759.1040       -1.5840804
  9760.1040       -1.5822858
  9761.1040       -1.5800196
  9762.1040       -1.5781824
  9763.1040       -1.5758588
  9764.1040       -1.5739559
  9765.1040       -1.5715656
  9766.1040       -1.5695955
  9767.1040       -1.5671436
  9768.1040       -1.5651213
  9769.1040       -1.5626368
  9770.1040       -1.5606077
  9771.1040       -1.5581599
  9772.1040       -1.5562275
  9773.1040       -1.5539361
  9774.1040       -1.5521985
  9775.1040       -1.5501292
  9776.1040       -1.5486307
  9777.1040       -1.5468151
  9778.1040       -1.5455772
  9779.1040       -1.5440225
  9780.1040       -1.5430324
  9781.1040       -1.5417040
  9782.1040       -1.5408995
  9783.1040       -1.5396978
  9784.1040       -1.5389564
  9785.1040       -1.5377697
  9786.1040       -1.5370010
  9787.1040       -1.5357478
  9788.1040       -1.5348629
  9789.1040       -1.5334418
  9790.1040       -1.5323532
  9791.1040       -1.5307186
  9792.1040       -1.5294237
  9793.1040       -1.5276189
  9794.1040       -1.5262220
  9795.1040       -1.5243910
  9796.1040       -1.5230111
  9797.1040       -1.5212135
  9798.1040       -1.5198608
  9799.1040       -1.5180585
  9800.1040       -1.5166428
  9801.1040       -1.5147326
  9802.1040       -1.5131866
  9803.1040       -1.5111422
  9804.1040       -1.5094708
  9805.1040       -1.5073296
  9806.1040       -1.5055963
  9807.1040       -1.5034223
  9808.1040       -1.5016746
  9809.1040       -1.4995026
  9810.1040       -1.4977677
  9811.1040       -1.4956190
  9812.1040       -1.4939170
  9813.1040       -1.4918172
  9814.1040       -1.4901835
  9815.1040       -1.4881813
  9816.1040       -1.4866887
  9817.1040       -1.4848830
  9818.1040       -1.4836211
  9819.1040       -1.4820560
  9820.1040       -1.4810220
  9821.1040       -1.4796476
  9822.1040       -1.4787301
  9823.1040       -1.4773930
  9824.1040       -1.4764608
  9825.1040       -1.4750864
  9826.1040       -1.4741102
  9827.1040       -1.4727093
  9828.1040       -1.4717433
  9829.1040       -1.4703898
  9830.1040       -1.4694907
  9831.1040       -1.4682155
  9832.1040       -1.4673979
  9833.1040       -1.4662045
  9834.1040       -1.4654626
  9835.1040       -1.4643374
  9836.1040       -1.4636505
  9837.1040       -1.4625641
  9838.1040       -1.4618890
  9839.1040       -1.4607747
  9840.1040       -1.4600242
  9841.1040       -1.4588036
  9842.1040       -1.4579304
  9843.1040       -1.4565830
  9844.1040       -1.4555869
  9845.1040       -1.4541320
  9846.1040       -1.4530490
  9847.1040       -1.4515351
  9848.1040       -1.4504277
  9849.1040       -1.4489401
  9850.1040       -1.4479410
  9851.1040       -1.4466786
  9852.1040       -1.4459893
  9853.1040       -1.4450623
  9854.1040       -1.4446813
  9855.1040       -1.4439841
  9856.1040       -1.4436654
  9857.1040       -1.4428053
  9858.1040       -1.4421609
  9859.1040       -1.4409085
  9860.1040       -1.4398680
  9861.1040       -1.4382876
  9862.1040       -1.4370801
  9863.1040       -1.4355376
  9864.1040       -1.4345054
  9865.1040       -1.4332058
  9866.1040       -1.4324390
  9867.1040       -1.4313832
  9868.1040       -1.4307849
  9869.1040       -1.4298099
  9870.1040       -1.4292304
  9871.1040       -1.4282357
  9872.1040       -1.4276053
  9873.1040       -1.4265335
  9874.1040       -1.4257976
  9875.1040       -1.4246023
  9876.1040       -1.4237385
  9877.1040       -1.4224280
  9878.1040       -1.4214757
  9879.1040       -1.4201345
  9880.1040       -1.4192372
  9881.1040       -1.4180233
  9882.1040       -1.4172856
  9883.1040       -1.4162361
  9884.1040       -1.4156401
  9885.1040       -1.4146742
  9886.1040       -1.4140698
  9887.1040       -1.4130209
  9888.1040       -1.4122886
  9889.1040       -1.4110879
  9890.1040       -1.4101929
  9891.1040       -1.4088360
  9892.1040       -1.4078012
  9893.1040       -1.4063225
  9894.1040       -1.4051793
  9895.1040       -1.4036086
  9896.1040       -1.4023924
  9897.1040       -1.4007791
  9898.1040       -1.3995546
  9899.1040       -1.3979587
  9900.1040       -1.3967624
  9901.1040       -1.3951981
  9902.1040       -1.3940248
  9903.1040       -1.3924626
  9904.1040       -1.3912612
  9905.1040       -1.3896523
  9906.1040       -1.3883961
  9907.1040       -1.3867342
  9908.1040       -1.3854332
  9909.1040       -1.3837476
  9910.1040       -1.3824480
  9911.1040       -1.3807831
  9912.1040       -1.3795136
  9913.1040       -1.3778855
  9914.1040       -1.3766531
  9915.1040       -1.3750592
  9916.1040       -1.3738537
  9917.1040       -1.3722832
  9918.1040       -1.3710982
  9919.1040       -1.3695481
  9920.1040       -1.3683824
  9921.1040       -1.3668531
  9922.1040       -1.3657084
  9923.1040       -1.3642009
  9924.1040       -1.3630764
  9925.1040       -1.3615885
  9926.1040       -1.3604803
  9927.1040       -1.3590060
  9928.1040       -1.3579065
  9929.1040       -1.3564375
  9930.1040       -1.3553379
  9931.1040       -1.3538646
  9932.1040       -1.3527523
  9933.1040       -1.3512548
  9934.1040       -1.3501050
  9935.1040       -1.3485654
  9936.1040       -1.3473750
  9937.1040       -1.3458046
  9938.1040       -1.3446004
  9939.1040       -1.3430486
  9940.1040       -1.3418991
  9941.1040       -1.3404273
  9942.1040       -1.3393680
  9943.1040       -1.3379891
  9944.1040       -1.3370134
  9945.1040       -1.3356964
  9946.1040       -1.3347524
  9947.1040       -1.3334492
  9948.1040       -1.3325119
  9949.1040       -1.3312186
  9950.1040       -1.3303030
  9951.1040       -1.3290617
  9952.1040       -1.3282358
  9953.1040       -1.3271065
  9954.1040       -1.3263919
  9955.1040       -1.3253577
  9956.1040       -1.3247008
  9957.1040       -1.3236553
  9958.1040       -1.3228920
  9959.1040       -1.3216726
  9960.1040       -1.3207055
  9961.1040       -1.3192817
  9962.1040       -1.3181343
  9963.1040       -1.3165960
  9964.1040       -1.3154338
  9965.1040       -1.3139635
  9966.1040       -1.3129121
  9967.1040       -1.3115714
  9968.1040       -1.3106465
  9969.1040       -1.3094045
  9970.1040       -1.3085229
  9971.1040       -1.3072739
  9972.1040       -1.3063531
  9973.1040       -1.3050462
  9974.1040       -1.3040539
  9975.1040       -1.3026678
  9976.1040       -1.3015901
  9977.1040       -1.3001192
  9978.1040       -1.2989629
  9979.1040       -1.2974291
  9980.1040       -1.2962330
  9981.1040       -1.2947001
  9982.1040       -1.2935681
  9983.1040       -1.2921651
  9984.1040       -1.2911994
  9985.1040       -1.2899749
  9986.1040       -1.2891797
  9987.1040       -1.2880964
  9988.1040       -1.2873785
  9989.1040       -1.2862952
  9990.1040       -1.2855216
  9991.1040       -1.2843536
  9992.1040       -1.2834797
  9993.1040       -1.2822101
  9994.1040       -1.2812475
  9995.1040       -1.2799154
  9996.1040       -1.2789124
  9997.1040       -1.2775584
  9998.1040       -1.2765498
  9999.1040       -1.2752098
  10000.104       -1.2742417
  10001.104       -1.2729782
  10002.104       -1.2721120
  10003.104       -1.2709601
  10004.104       -1.2701993
  10005.104       -1.2691347
  10006.104       -1.2684191
  10007.104       -1.2673314
  10008.104       -1.2665274
  10009.104       -1.2653184
  10010.104       -1.2643846
  10011.104       -1.2630587
  10012.104       -1.2620452
  10013.104       -1.2607154
  10014.104       -1.2597849
  10015.104       -1.2585951
  10016.104       -1.2578285
  10017.104       -1.2568071
  10018.104       -1.2561915
  10019.104       -1.2552753
  10020.104       -1.2546931
  10021.104       -1.2537532
  10022.104       -1.2531133
  10023.104       -1.2520975
  10024.104       -1.2513726
  10025.104       -1.2502751
  10026.104       -1.2494814
  10027.104       -1.2483315
  10028.104       -1.2474976
  10029.104       -1.2463205
  10030.104       -1.2454730
  10031.104       -1.2443028
  10032.104       -1.2434904
  10033.104       -1.2423854
  10034.104       -1.2416548
  10035.104       -1.2406380
  10036.104       -1.2399920
  10037.104       -1.2390482
  10038.104       -1.2384472
  10039.104       -1.2375120
  10040.104       -1.2368908
  10041.104       -1.2359202
  10042.104       -1.2352547
  10043.104       -1.2342382
  10044.104       -1.2335312
  10045.104       -1.2324870
  10046.104       -1.2317645
  10047.104       -1.2307127
  10048.104       -1.2299858
  10049.104       -1.2289323
  10050.104       -1.2282032
  10051.104       -1.2271473
  10052.104       -1.2264130
  10053.104       -1.2253490
  10054.104       -1.2246012
  10055.104       -1.2235174
  10056.104       -1.2227394
  10057.104       -1.2216100
  10058.104       -1.2207640
  10059.104       -1.2195516
  10060.104       -1.2186161
  10061.104       -1.2173161
  10062.104       -1.2163006
  10063.104       -1.2149393
  10064.104       -1.2138927
  10065.104       -1.2125331
  10066.104       -1.2115080
  10067.104       -1.2101816
  10068.104       -1.2091939
  10069.104       -1.2079040
  10070.104       -1.2069425
  10071.104       -1.2056639
  10072.104       -1.2047016
  10073.104       -1.2034172
  10074.104       -1.2024464
  10075.104       -1.2011550
  10076.104       -1.2001808
  10077.104       -1.1988951
  10078.104       -1.1979343
  10079.104       -1.1966672
  10080.104       -1.1957257
  10081.104       -1.1944781
  10082.104       -1.1935528
  10083.104       -1.1923161
  10084.104       -1.1913933
  10085.104       -1.1901528
  10086.104       -1.1892200
  10087.104       -1.1879643
  10088.104       -1.1870090
  10089.104       -1.1857216
  10090.104       -1.1847194
  10091.104       -1.1833742
  10092.104       -1.1823122
  10093.104       -1.1809152
  10094.104       -1.1798163
  10095.104       -1.1784101
  10096.104       -1.1773496
  10097.104       -1.1760438
  10098.104       -1.1751256
  10099.104       -1.1739791
  10100.104       -1.1732171
  10101.104       -1.1722076
  10102.104       -1.1715354
  10103.104       -1.1705374
  10104.104       -1.1698001
  10105.104       -1.1686929
  10106.104       -1.1678249
  10107.104       -1.1665835
  10108.104       -1.1655934
  10109.104       -1.1642679
  10110.104       -1.1632490
  10111.104       -1.1619394
  10112.104       -1.1609612
  10113.104       -1.1597076
  10114.104       -1.1587919
  10115.104       -1.1576006
  10116.104       -1.1567363
  10117.104       -1.1555837
  10118.104       -1.1547485
  10119.104       -1.1536204
  10120.104       -1.1528052
  10121.104       -1.1516949
  10122.104       -1.1508951
  10123.104       -1.1497994
  10124.104       -1.1490120
  10125.104       -1.1479272
  10126.104       -1.1471473
  10127.104       -1.1460670
  10128.104       -1.1452857
  10129.104       -1.1441966
  10130.104       -1.1433970
  10131.104       -1.1422852
  10132.104       -1.1414621
  10133.104       -1.1403306
  10134.104       -1.1394941
  10135.104       -1.1383637
  10136.104       -1.1375496
  10137.104       -1.1364620
  10138.104       -1.1357006
  10139.104       -1.1346693
  10140.104       -1.1339609
  10141.104       -1.1329742
  10142.104       -1.1322908
  10143.104       -1.1313033
  10144.104       -1.1305979
  10145.104       -1.1295770
  10146.104       -1.1288310
  10147.104       -1.1277675
  10148.104       -1.1269799
  10149.104       -1.1258825
  10150.104       -1.1250699
  10151.104       -1.1239551
  10152.104       -1.1231292
  10153.104       -1.1220056
  10154.104       -1.1211739
  10155.104       -1.1200489
  10156.104       -1.1192195
  10157.104       -1.1181011
  10158.104       -1.1172801
  10159.104       -1.1161717
  10160.104       -1.1153601
  10161.104       -1.1142607
  10162.104       -1.1134544
  10163.104       -1.1123562
  10164.104       -1.1115468
  10165.104       -1.1104440
  10166.104       -1.1096290
  10167.104       -1.1085216
  10168.104       -1.1077027
  10169.104       -1.1065946
  10170.104       -1.1057779
  10171.104       -1.1046759
  10172.104       -1.1038679
  10173.104       -1.1027787
  10174.104       -1.1019873
  10175.104       -1.1009219
  10176.104       -1.1001637
  10177.104       -1.0991414
  10178.104       -1.0984294
  10179.104       -1.0974519
  10180.104       -1.0967772
  10181.104       -1.0958252
  10182.104       -1.0951526
  10183.104       -1.0941686
  10184.104       -1.0934340
  10185.104       -1.0923747
  10186.104       -1.0915620
  10187.104       -1.0904328
  10188.104       -1.0895686
  10189.104       -1.0884265
  10190.104       -1.0876033
  10191.104       -1.0865457
  10192.104       -1.0858277
  10193.104       -1.0848829
  10194.104       -1.0842724
  10195.104       -1.0834174
  10196.104       -1.0828568
  10197.104       -1.0819999
  10198.104       -1.0813978
  10199.104       -1.0804785
  10200.104       -1.0798019
  10201.104       -1.0788053
  10202.104       -1.0780560
  10203.104       -1.0770039
  10204.104       -1.0762205
  10205.104       -1.0751517
  10206.104       -1.0743628
  10207.104       -1.0732989
  10208.104       -1.0725240
  10209.104       -1.0714859
  10210.104       -1.0707509
  10211.104       -1.0697665
  10212.104       -1.0690903
  10213.104       -1.0681640
  10214.104       -1.0675381
  10215.104       -1.0666488
  10216.104       -1.0660338
  10217.104       -1.0651153
  10218.104       -1.0644323
  10219.104       -1.0634252
  10220.104       -1.0626455
  10221.104       -1.0615451
  10222.104       -1.0606848
  10223.104       -1.0595349
  10224.104       -1.0586731
  10225.104       -1.0575651
  10226.104       -1.0567687
  10227.104       -1.0557373
  10228.104       -1.0550178
  10229.104       -1.0540548
  10230.104       -1.0533789
  10231.104       -1.0524214
  10232.104       -1.0517175
  10233.104       -1.0507141
  10234.104       -1.0499545
  10235.104       -1.0488935
  10236.104       -1.0480800
  10237.104       -1.0469799
  10238.104       -1.0461497
  10239.104       -1.0450529
  10240.104       -1.0442366
  10241.104       -1.0431597
  10242.104       -1.0423642
  10243.104       -1.0413062
  10244.104       -1.0405205
  10245.104       -1.0394594
  10246.104       -1.0386603
  10247.104       -1.0375826
  10248.104       -1.0367665
  10249.104       -1.0356757
  10250.104       -1.0348534
  10251.104       -1.0337718
  10252.104       -1.0329775
  10253.104       -1.0319380
  10254.104       -1.0311911
  10255.104       -1.0301998
  10256.104       -1.0294958
  10257.104       -1.0285374
  10258.104       -1.0278451
  10259.104       -1.0268714
  10260.104       -1.0261431
  10261.104       -1.0251243
  10262.104       -1.0243477
  10263.104       -1.0232843
  10264.104       -1.0224727
  10265.104       -1.0213961
  10266.104       -1.0205999
  10267.104       -1.0195612
  10268.104       -1.0188134
  10269.104       -1.0178276
  10270.104       -1.0171306
  10271.104       -1.0161884
  10272.104       -1.0155169
  10273.104       -1.0145756
  10274.104       -1.0138849
  10275.104       -1.0129138
  10276.104       -1.0121862
  10277.104       -1.0111757
  10278.104       -1.0104087
  10279.104       -1.0093641
  10280.104       -1.0085708
  10281.104       -1.0075081
  10282.104       -1.0067024
  10283.104       -1.0056336
  10284.104       -1.0048276
  10285.104       -1.0037668
  10286.104       -1.0029800
  10287.104       -1.0019530
  10288.104       -1.0012094
  10289.104       -1.0002294
  10290.104      -0.99953110
  10291.104      -0.99859114
  10292.104      -0.99792131
  10293.104      -0.99698920
  10294.104      -0.99629780
  10295.104      -0.99532211
  10296.104      -0.99457539
  10297.104      -0.99354078
  10298.104      -0.99273688
  10299.104      -0.99165404
  10300.104      -0.99082072
  10301.104      -0.98973896
  10302.104      -0.98893245
  10303.104      -0.98789244
  10304.104      -0.98713380
  10305.104      -0.98614265
  10306.104      -0.98542723
  10307.104      -0.98446539
  10308.104      -0.98375457
  10309.104      -0.98277547
  10310.104      -0.98203431
  10311.104      -0.98101948
  10312.104      -0.98024121
  10313.104      -0.97919330
  10314.104      -0.97839189
  10315.104      -0.97733954
  10316.104      -0.97655115
  10317.104      -0.97552325
  10318.104      -0.97476473
  10319.104      -0.97376974
  10320.104      -0.97304348
  10321.104      -0.97207744
  10322.104      -0.97137142
  10323.104      -0.97041631
  10324.104      -0.96971365
  10325.104      -0.96875743
  10326.104      -0.96804925
  10327.104      -0.96708440
  10328.104      -0.96636346
  10329.104      -0.96538173
  10330.104      -0.96463919
  10331.104      -0.96363421
  10332.104      -0.96286826
  10333.104      -0.96184244
  10334.104      -0.96105939
  10335.104      -0.96002381
  10336.104      -0.95924233
  10337.104      -0.95822355
  10338.104      -0.95746972
  10339.104      -0.95648559
  10340.104      -0.95576978
  10341.104      -0.95482571
  10342.104      -0.95414924
  10343.104      -0.95324222
  10344.104      -0.95259738
  10345.104      -0.95171686
  10346.104      -0.95109258
  10347.104      -0.95022693
  10348.104      -0.94960960
  10349.104      -0.94874168
  10350.104      -0.94810681
  10351.104      -0.94720100
  10352.104      -0.94651055
  10353.104      -0.94554158
  10354.104      -0.94478673
  10355.104      -0.94375900
  10356.104      -0.94295654
  10357.104      -0.94190368
  10358.104      -0.94111238
  10359.104      -0.94010901
  10360.104      -0.93939025
  10361.104      -0.93847049
  10362.104      -0.93783722
  10363.104      -0.93699766
  10364.104      -0.93642846
  10365.104      -0.93562207
  10366.104      -0.93504630
  10367.104      -0.93420526
  10368.104      -0.93357879
  10369.104      -0.93267913
  10370.104      -0.93199138
  10371.104      -0.93103440
  10372.104      -0.93030106
  10373.104      -0.92931850
  10374.104      -0.92857659
  10375.104      -0.92759776
  10376.104      -0.92686835
  10377.104      -0.92591034
  10378.104      -0.92520900
  10379.104      -0.92428840
  10380.104      -0.92363514
  10381.104      -0.92277202
  10382.104      -0.92217944
  10383.104      -0.92137629
  10384.104      -0.92083818
  10385.104      -0.92008034
  10386.104      -0.91957063
  10387.104      -0.91881427
  10388.104      -0.91827512
  10389.104      -0.91746899
  10390.104      -0.91686883
  10391.104      -0.91599728
  10392.104      -0.91533202
  10393.104      -0.91440243
  10394.104      -0.91369484
  10395.104      -0.91274654
  10396.104      -0.91203849
  10397.104      -0.91110118
  10398.104      -0.91041057
  10399.104      -0.90949489
  10400.104      -0.90882686
  10401.104      -0.90793236
  10402.104      -0.90728005
  10403.104      -0.90639588
  10404.104      -0.90574904
  10405.104      -0.90486688
  10406.104      -0.90421762
  10407.104      -0.90332866
  10408.104      -0.90266555
  10409.104      -0.90175267
  10410.104      -0.90105435
  10411.104      -0.90010118
  10412.104      -0.89936252
  10413.104      -0.89837401
  10414.104      -0.89760904
  10415.104      -0.89661002
  10416.104      -0.89586144
  10417.104      -0.89491674
  10418.104      -0.89425114
  10419.104      -0.89340331
  10420.104      -0.89283702
  10421.104      -0.89208247
  10422.104      -0.89159316
  10423.104      -0.89088436
  10424.104      -0.89038755
  10425.104      -0.88961780
  10426.104      -0.88902685
  10427.104      -0.88814866
  10428.104      -0.88744614
  10429.104      -0.88646553
  10430.104      -0.88568284
  10431.104      -0.88466837
  10432.104      -0.88391299
  10433.104      -0.88297208
  10434.104      -0.88231337
  10435.104      -0.88147939
  10436.104      -0.88092556
  10437.104      -0.88018405
  10438.104      -0.87969173
  10439.104      -0.87895968
  10440.104      -0.87842436
  10441.104      -0.87761761
  10442.104      -0.87699090
  10443.104      -0.87608691
  10444.104      -0.87536552
  10445.104      -0.87438096
  10446.104      -0.87360903
  10447.104      -0.87261481
  10448.104      -0.87186319
  10449.104      -0.87090678
  10450.104      -0.87020240
  10451.104      -0.86929755
  10452.104      -0.86864312
  10453.104      -0.86777990
  10454.104      -0.86714994
  10455.104      -0.86629488
  10456.104      -0.86566188
  10457.104      -0.86479719
  10458.104      -0.86414927
  10459.104      -0.86326651
  10460.104      -0.86259773
  10461.104      -0.86169290
  10462.104      -0.86100095
  10463.104      -0.86007358
  10464.104      -0.85936008
  10465.104      -0.85841395
  10466.104      -0.85768510
  10467.104      -0.85672941
  10468.104      -0.85599927
  10469.104      -0.85505564
  10470.104      -0.85434975
  10471.104      -0.85343841
  10472.104      -0.85276812
  10473.104      -0.85189372
  10474.104      -0.85125840
  10475.104      -0.85041464
  10476.104      -0.84979996
  10477.104      -0.84896413
  10478.104      -0.84834676
  10479.104      -0.84750245
  10480.104      -0.84687240
  10481.104      -0.84601363
  10482.104      -0.84536802
  10483.104      -0.84449515
  10484.104      -0.84383827
  10485.104      -0.84295824
  10486.104      -0.84229657
  10487.104      -0.84141409
  10488.104      -0.84075139
  10489.104      -0.83987002
  10490.104      -0.83921007
  10491.104      -0.83833458
  10492.104      -0.83768352
  10493.104      -0.83681971
  10494.104      -0.83618096
  10495.104      -0.83532976
  10496.104      -0.83470225
  10497.104      -0.83386060
  10498.104      -0.83323863
  10499.104      -0.83239679
  10500.104      -0.83176758
  10501.104      -0.83091433
  10502.104      -0.83027094
  10503.104      -0.82940269
  10504.104      -0.82874389
  10505.104      -0.82786158
  10506.104      -0.82719097
  10507.104      -0.82630154
  10508.104      -0.82562772
  10509.104      -0.82473852
  10510.104      -0.82406699
  10511.104      -0.82318255
  10512.104      -0.82251750
  10513.104      -0.82164217
  10514.104      -0.82098886
  10515.104      -0.82012890
  10516.104      -0.81949272
  10517.104      -0.81865088
  10518.104      -0.81803204
  10519.104      -0.81720639
  10520.104      -0.81660077
  10521.104      -0.81578414
  10522.104      -0.81517991
  10523.104      -0.81435730
  10524.104      -0.81374152
  10525.104      -0.81290464
  10526.104      -0.81227247
  10527.104      -0.81141888
  10528.104      -0.81077003
  10529.104      -0.80990194
  10530.104      -0.80924156
  10531.104      -0.80836563
  10532.104      -0.80769959
  10533.104      -0.80682040
  10534.104      -0.80615273
  10535.104      -0.80527431
  10536.104      -0.80460936
  10537.104      -0.80373702
  10538.104      -0.80308127
  10539.104      -0.80222119
  10540.104      -0.80157912
  10541.104      -0.80073417
  10542.104      -0.80010753
  10543.104      -0.79927856
  10544.104      -0.79866725
  10545.104      -0.79785303
  10546.104      -0.79725485
  10547.104      -0.79645287
  10548.104      -0.79586539
  10549.104      -0.79507308
  10550.104      -0.79449330
  10551.104      -0.79370698
  10552.104      -0.79312984
  10553.104      -0.79234228
  10554.104      -0.79175973
  10555.104      -0.79096480
  10556.104      -0.79037352
  10557.104      -0.78957007
  10558.104      -0.78897068
  10559.104      -0.78816122
  10560.104      -0.78755896
  10561.104      -0.78675212
  10562.104      -0.78615663
  10563.104      -0.78535964
  10564.104      -0.78477531
  10565.104      -0.78399071
  10566.104      -0.78341874
  10567.104      -0.78264650
  10568.104      -0.78208538
  10569.104      -0.78132249
  10570.104      -0.78076872
  10571.104      -0.78001211
  10572.104      -0.77946288
  10573.104      -0.77870963
  10574.104      -0.77816165
  10575.104      -0.77740763
  10576.104      -0.77685512
  10577.104      -0.77609320
  10578.104      -0.77553013
  10579.104      -0.77475709
  10580.104      -0.77418275
  10581.104      -0.77339998
  10582.104      -0.77281801
  10583.104      -0.77203264
  10584.104      -0.77145558
  10585.104      -0.77068306
  10586.104      -0.77012234
  10587.104      -0.76936691
  10588.104      -0.76882093
  10589.104      -0.76807592
  10590.104      -0.76753232
  10591.104      -0.76677638
  10592.104      -0.76620082
  10593.104      -0.76539469
  10594.104      -0.76475878
  10595.104      -0.76388955
  10596.104      -0.76319202
  10597.104      -0.76226828
  10598.104      -0.76152848
  10599.104      -0.76058576
  10600.104      -0.75985997
  10601.104      -0.75896023
  10602.104      -0.75829400
  10603.104      -0.75746315
  10604.104      -0.75686894
  10605.104      -0.75610868
  10606.104      -0.75557711
  10607.104      -0.75486272
  10608.104      -0.75435171
  10609.104      -0.75363755
  10610.104      -0.75311382
  10611.104      -0.75237929
  10612.104      -0.75183006
  10613.104      -0.75106810
  10614.104      -0.75049154
  10615.104      -0.74970663
  10616.104      -0.74911375
  10617.104      -0.74831889
  10618.104      -0.74772004
  10619.104      -0.74692315
  10620.104      -0.74632541
  10621.104      -0.74553365
  10622.104      -0.74494517
  10623.104      -0.74416928
  10624.104      -0.74360351
  10625.104      -0.74285546
  10626.104      -0.74231925
  10627.104      -0.74160117
  10628.104      -0.74109292
  10629.104      -0.74039954
  10630.104      -0.73990937
  10631.104      -0.73922370
  10632.104      -0.73872824
  10633.104      -0.73802832
  10634.104      -0.73751274
  10635.104      -0.73678960
  10636.104      -0.73624877
  10637.104      -0.73550044
  10638.104      -0.73493569
  10639.104      -0.73416777
  10640.104      -0.73358845
  10641.104      -0.73281059
  10642.104      -0.73222428
  10643.104      -0.73144271
  10644.104      -0.73085534
  10645.104      -0.73007627
  10646.104      -0.72949525
  10647.104      -0.72872867
  10648.104      -0.72816581
  10649.104      -0.72742130
  10650.104      -0.72688139
  10651.104      -0.72615965
  10652.104      -0.72564006
  10653.104      -0.72493494
  10654.104      -0.72442465
  10655.104      -0.72371752
  10656.104      -0.72319205
  10657.104      -0.72246150
  10658.104      -0.72190793
  10659.104      -0.72114779
  10660.104      -0.72056481
  10661.104      -0.71977831
  10662.104      -0.71917463
  10663.104      -0.71837841
  10664.104      -0.71777703
  10665.104      -0.71699226
  10666.104      -0.71640748
  10667.104      -0.71564328
  10668.104      -0.71508103
  10669.104      -0.71434073
  10670.104      -0.71380180
  10671.104      -0.71308320
  10672.104      -0.71256285
  10673.104      -0.71186085
  10674.104      -0.71135507
  10675.104      -0.71066633
  10676.104      -0.71017183
  10677.104      -0.70949288
  10678.104      -0.70900585
  10679.104      -0.70833227
  10680.104      -0.70784764
  10681.104      -0.70717398
  10682.104      -0.70668601
  10683.104      -0.70600599
  10684.104      -0.70550746
  10685.104      -0.70481236
  10686.104      -0.70429172
  10687.104      -0.70356446
  10688.104      -0.70299986
  10689.104      -0.70222207
  10690.104      -0.70160480
  10691.104      -0.70077635
  10692.104      -0.70011325
  10693.104      -0.69924819
  10694.104      -0.69856274
  10695.104      -0.69769984
  10696.104      -0.69704530
  10697.104      -0.69623450
  10698.104      -0.69564319
  10699.104      -0.69490159
  10700.104      -0.69438013
  10701.104      -0.69370498
  10702.104      -0.69324041
  10703.104      -0.69260406
  10704.104      -0.69215222
  10705.104      -0.69150781
  10706.104      -0.69103451
  10707.104      -0.69036035
  10708.104      -0.68985152
  10709.104      -0.68913915
  10710.104      -0.68859129
  10711.104      -0.68784282
  10712.104      -0.68726390
  10713.104      -0.68648989
  10714.104      -0.68588944
  10715.104      -0.68509847
  10716.104      -0.68448542
  10717.104      -0.68368774
  10718.104      -0.68307468
  10719.104      -0.68228755
  10720.104      -0.68169836
  10721.104      -0.68094675
  10722.104      -0.68039926
  10723.104      -0.67969269
  10724.104      -0.67919039
  10725.104      -0.67852726
  10726.104      -0.67806334
  10727.104      -0.67742969
  10728.104      -0.67698015
  10729.104      -0.67634632
  10730.104      -0.67588623
  10731.104      -0.67523570
  10732.104      -0.67475424
  10733.104      -0.67407988
  10734.104      -0.67357295
  10735.104      -0.67287368
  10736.104      -0.67234370
  10737.104      -0.67162467
  10738.104      -0.67107725
  10739.104      -0.67034348
  10740.104      -0.66978366
  10741.104      -0.66904091
  10742.104      -0.66847565
  10743.104      -0.66773302
  10744.104      -0.66717525
  10745.104      -0.66644871
  10746.104      -0.66591253
  10747.104      -0.66521118
  10748.104      -0.66470170
  10749.104      -0.66402784
  10750.104      -0.66354480
  10751.104      -0.66289541
  10752.104      -0.66243198
  10753.104      -0.66179636
  10754.104      -0.66134128
  10755.104      -0.66071060
  10756.104      -0.66025702
  10757.104      -0.65962526
  10758.104      -0.65916740
  10759.104      -0.65852851
  10760.104      -0.65805907
  10761.104      -0.65740371
  10762.104      -0.65691359
  10763.104      -0.65623615
  10764.104      -0.65572366
  10765.104      -0.65502561
  10766.104      -0.65449526
  10767.104      -0.65378456
  10768.104      -0.65324972
  10769.104      -0.65254772
  10770.104      -0.65203349
  10771.104      -0.65135967
  10772.104      -0.65087674
  10773.104      -0.65023535
  10774.104      -0.64978296
  10775.104      -0.64916820
  10776.104      -0.64873401
  10777.104      -0.64812373
  10778.104      -0.64767806
  10779.104      -0.64704598
  10780.104      -0.64657244
  10781.104      -0.64590990
  10782.104      -0.64540515
  10783.104      -0.64471364
  10784.104      -0.64418457
  10785.104      -0.64347894
  10786.104      -0.64294900
  10787.104      -0.64225328
  10788.104      -0.64173880
  10789.104      -0.64106192
  10790.104      -0.64056700
  10791.104      -0.63990899
  10792.104      -0.63942950
  10793.104      -0.63878032
  10794.104      -0.63829855
  10795.104      -0.63763788
  10796.104      -0.63713893
  10797.104      -0.63645881
  10798.104      -0.63593951
  10799.104      -0.63524052
  10800.104      -0.63470518
  10801.104      -0.63399660
  10802.104      -0.63346183
  10803.104      -0.63276539
  10804.104      -0.63224991
  10805.104      -0.63157699
  10806.104      -0.63108654
  10807.104      -0.63043897
  10808.104      -0.62997180
  10809.104      -0.62934371
  10810.104      -0.62888797
  10811.104      -0.62826149
  10812.104      -0.62779926
  10813.104      -0.62716181
  10814.104      -0.62668523
  10815.104      -0.62603185
  10816.104      -0.62553822
  10817.104      -0.62486834
  10818.104      -0.62435970
  10819.104      -0.62367848
  10820.104      -0.62316144
  10821.104      -0.62247419
  10822.104      -0.62195217
  10823.104      -0.62126120
  10824.104      -0.62073583
  10825.104      -0.62004220
  10826.104      -0.61951394
  10827.104      -0.61881730
  10828.104      -0.61828523
  10829.104      -0.61758499
  10830.104      -0.61704941
  10831.104      -0.61634667
  10832.104      -0.61580930
  10833.104      -0.61510645
  10834.104      -0.61457055
  10835.104      -0.61387227
  10836.104      -0.61334427
  10837.104      -0.61265714
  10838.104      -0.61214186
  10839.104      -0.61146895
  10840.104      -0.61096829
  10841.104      -0.61031056
  10842.104      -0.60982460
  10843.104      -0.60918102
  10844.104      -0.60870730
  10845.104      -0.60807451
  10846.104      -0.60761006
  10847.104      -0.60698599
  10848.104      -0.60652932
  10849.104      -0.60591282
  10850.104      -0.60546304
  10851.104      -0.60485347
  10852.104      -0.60441033
  10853.104      -0.60380782
  10854.104      -0.60337131
  10855.104      -0.60277525
  10856.104      -0.60234416
  10857.104      -0.60175284
  10858.104      -0.60132496
  10859.104      -0.60073557
  10860.104      -0.60030717
  10861.104      -0.59971467
  10862.104      -0.59927997
  10863.104      -0.59867922
  10864.104      -0.59823416
  10865.104      -0.59762173
  10866.104      -0.59716315
  10867.104      -0.59653588
  10868.104      -0.59606024
  10869.104      -0.59541342
  10870.104      -0.59491485
  10871.104      -0.59424378
  10872.104      -0.59372078
  10873.104      -0.59302701
  10874.104      -0.59248368
  10875.104      -0.59177403
  10876.104      -0.59122052
  10877.104      -0.59051064
  10878.104      -0.58997055
  10879.104      -0.58928700
  10880.104      -0.58878043
  10881.104      -0.58813442
  10882.104      -0.58766614
  10883.104      -0.58705738
  10884.104      -0.58662211
  10885.104      -0.58603928
  10886.104      -0.58561642
  10887.104      -0.58502914
  10888.104      -0.58458826
  10889.104      -0.58397543
  10890.104      -0.58350403
  10891.104      -0.58285866
  10892.104      -0.58235418
  10893.104      -0.58167796
  10894.104      -0.58114737
  10895.104      -0.58045420
  10896.104      -0.57991556
  10897.104      -0.57922120
  10898.104      -0.57868578
  10899.104      -0.57799879
  10900.104      -0.57747373
  10901.104      -0.57680042
  10902.104      -0.57629175
  10903.104      -0.57563859
  10904.104      -0.57515340
  10905.104      -0.57452654
  10906.104      -0.57406848
  10907.104      -0.57346917
  10908.104      -0.57303755
  10909.104      -0.57246319
  10910.104      -0.57205333
  10911.104      -0.57149628
  10912.104      -0.57109614
  10913.104      -0.57054148
  10914.104      -0.57013790
  10915.104      -0.56957632
  10916.104      -0.56916264
  10917.104      -0.56858907
  10918.104      -0.56816143
  10919.104      -0.56757297
  10920.104      -0.56712929
  10921.104      -0.56652461
  10922.104      -0.56606434
  10923.104      -0.56544378
  10924.104      -0.56496824
  10925.104      -0.56433416
  10926.104      -0.56384684
  10927.104      -0.56320418
  10928.104      -0.56271223
  10929.104      -0.56207191
  10930.104      -0.56158974
  10931.104      -0.56096496
  10932.104      -0.56050087
  10933.104      -0.55989566
  10934.104      -0.55945064
  10935.104      -0.55886318
  10936.104      -0.55843236
  10937.104      -0.55785329
  10938.104      -0.55742096
  10939.104      -0.55683168
  10940.104      -0.55638343
  10941.104      -0.55577579
  10942.104      -0.55530793
  10943.104      -0.55468161
  10944.104      -0.55419703
  10945.104      -0.55355871
  10946.104      -0.55306995
  10947.104      -0.55243870
  10948.104      -0.55196528
  10949.104      -0.55135454
  10950.104      -0.55090391
  10951.104      -0.55031716
  10952.104      -0.54988959
  10953.104      -0.54932392
  10954.104      -0.54891251
  10955.104      -0.54835516
  10956.104      -0.54794216
  10957.104      -0.54737659
  10958.104      -0.54695083
  10959.104      -0.54637011
  10960.104      -0.54592731
  10961.104      -0.54532926
  10962.104      -0.54486925
  10963.104      -0.54425612
  10964.104      -0.54378405
  10965.104      -0.54316262
  10966.104      -0.54268454
  10967.104      -0.54205956
  10968.104      -0.54157961
  10969.104      -0.54095512
  10970.104      -0.54047761
  10971.104      -0.53985855
  10972.104      -0.53938991
  10973.104      -0.53878471
  10974.104      -0.53833318
  10975.104      -0.53774723
  10976.104      -0.53731523
  10977.104      -0.53674874
  10978.104      -0.53633450
  10979.104      -0.53578356
  10980.104      -0.53538029
  10981.104      -0.53483353
  10982.104      -0.53442577
  10983.104      -0.53386890
  10984.104      -0.53344739
  10985.104      -0.53287537
  10986.104      -0.53243792
  10987.104      -0.53185108
  10988.104      -0.53140066
  10989.104      -0.53080562
  10990.104      -0.53035407
  10991.104      -0.52976578
  10992.104      -0.52932540
  10993.104      -0.52875106
  10994.104      -0.52832533
  10995.104      -0.52776584
  10996.104      -0.52735324
  10997.104      -0.52680445
  10998.104      -0.52639701
  10999.104      -0.52584584
  11000.104      -0.52542852
  11001.104      -0.52486331
  11002.104      -0.52442892
  11003.104      -0.52384545
  11004.104      -0.52339186
  11005.104      -0.52278985
  11006.104      -0.52231868
  11007.104      -0.52170221
  11008.104      -0.52122033
  11009.104      -0.52059730
  11010.104      -0.52011152
  11011.104      -0.51948765
  11012.104      -0.51900334
  11013.104      -0.51838411
  11014.104      -0.51790727
  11015.104      -0.51729982
  11016.104      -0.51684006
  11017.104      -0.51625638
  11018.104      -0.51582441
  11019.104      -0.51527099
  11020.104      -0.51486952
  11021.104      -0.51434622
  11022.104      -0.51397244
  11023.104      -0.51347356
  11024.104      -0.51311775
  11025.104      -0.51262728
  11026.104      -0.51226848
  11027.104      -0.51176764
  11028.104      -0.51139358
  11029.104      -0.51087522
  11030.104      -0.51048222
  11031.104      -0.50994565
  11032.104      -0.50953603
  11033.104      -0.50898766
  11034.104      -0.50857362
  11035.104      -0.50802933
  11036.104      -0.50762431
  11037.104      -0.50709239
  11038.104      -0.50670100
  11039.104      -0.50618360
  11040.104      -0.50580588
  11041.104      -0.50530093
  11042.104      -0.50493199
  11043.104      -0.50443089
  11044.104      -0.50406010
  11045.104      -0.50355370
  11046.104      -0.50317449
  11047.104      -0.50265778
  11048.104      -0.50226592
  11049.104      -0.50173509
  11050.104      -0.50132681
  11051.104      -0.50077738
  11052.104      -0.50034681
  11053.104      -0.49977317
  11054.104      -0.49931779
  11055.104      -0.49872121
  11056.104      -0.49824553
  11057.104      -0.49763362
  11058.104      -0.49714891
  11059.104      -0.49653781
  11060.104      -0.49606886
  11061.104      -0.49549482
  11062.104      -0.49507942
  11063.104      -0.49456810
  11064.104      -0.49421827
  11065.104      -0.49377175
  11066.104      -0.49348116
  11067.104      -0.49308439
  11068.104      -0.49282718
  11069.104      -0.49243681
  11070.104      -0.49214888
  11071.104      -0.49169879
  11072.104      -0.49133382
  11073.104      -0.49079791
  11074.104      -0.49034338
  11075.104      -0.48972008
  11076.104      -0.48918504
  11077.104      -0.48849581
  11078.104      -0.48792017
  11079.104      -0.48722505
  11080.104      -0.48667099
  11081.104      -0.48601596
  11082.104      -0.48551434
  11083.104      -0.48492138
  11084.104      -0.48448798
  11085.104      -0.48396804
  11086.104      -0.48360969
  11087.104      -0.48316609
  11088.104      -0.48288276
  11089.104      -0.48251142
  11090.104      -0.48229411
  11091.104      -0.48198081
  11092.104      -0.48180959
  11093.104      -0.48152773
  11094.104      -0.48136737
  11095.104      -0.48106879
  11096.104      -0.48084741
  11097.104      -0.48043456
  11098.104      -0.48005926
  11099.104      -0.47947320
  11100.104      -0.47891684
  11101.104      -0.47815331
  11102.104      -0.47743196
  11103.104      -0.47652839
  11104.104      -0.47570689
  11105.104      -0.47477183
  11106.104      -0.47400346
  11107.104      -0.47318665
  11108.104      -0.47257411
  11109.104      -0.47193633
  11110.104      -0.47151294
  11111.104      -0.47106510
  11112.104      -0.47082017
  11113.104      -0.47052642
  11114.104      -0.47038704
  11115.104      -0.47013519
  11116.104      -0.46998641
  11117.104      -0.46969429
  11118.104      -0.46948401
  11119.104      -0.46911785
  11120.104      -0.46882595
  11121.104      -0.46837775
  11122.104      -0.46800924
  11123.104      -0.46750158
  11124.104      -0.46709715
  11125.104      -0.46657322
  11126.104      -0.46616370
  11127.104      -0.46564316
  11128.104      -0.46524193
  11129.104      -0.46473396
  11130.104      -0.46434685
  11131.104      -0.46385405
  11132.104      -0.46347989
  11133.104      -0.46299718
  11134.104      -0.46262961
  11135.104      -0.46215221
  11136.104      -0.46178805
  11137.104      -0.46131347
  11138.104      -0.46095045
  11139.104      -0.46047643
  11140.104      -0.46011206
  11141.104      -0.45963540
  11142.104      -0.45926554
  11143.104      -0.45878228
  11144.104      -0.45840439
  11145.104      -0.45791338
  11146.104      -0.45752735
  11147.104      -0.45702943
  11148.104      -0.45663704
  11149.104      -0.45613513
  11150.104      -0.45574108
  11151.104      -0.45524228
  11152.104      -0.45485438
  11153.104      -0.45436469
  11154.104      -0.45398677
  11155.104      -0.45350858
  11156.104      -0.45314197
  11157.104      -0.45267567
  11158.104      -0.45231976
  11159.104      -0.45186341
  11160.104      -0.45151454
  11161.104      -0.45106376
  11162.104      -0.45071845
  11163.104      -0.45027103
  11164.104      -0.44992785
  11165.104      -0.44948293
  11166.104      -0.44914151
  11167.104      -0.44869924
  11168.104      -0.44836054
  11169.104      -0.44792302
  11170.104      -0.44758953
  11171.104      -0.44715828
  11172.104      -0.44683007
  11173.104      -0.44640405
  11174.104      -0.44607912
  11175.104      -0.44565530
  11176.104      -0.44532938
  11177.104      -0.44490147
  11178.104      -0.44456501
  11179.104      -0.44412168
  11180.104      -0.44376553
  11181.104      -0.44330154
  11182.104      -0.44292341
  11183.104      -0.44243868
  11184.104      -0.44204052
  11185.104      -0.44153921
  11186.104      -0.44112812
  11187.104      -0.44062188
  11188.104      -0.44021336
  11189.104      -0.43971663
  11190.104      -0.43932073
  11191.104      -0.43884017
  11192.104      -0.43846140
  11193.104      -0.43799986
  11194.104      -0.43763956
  11195.104      -0.43719682
  11196.104      -0.43685276
  11197.104      -0.43642467
  11198.104      -0.43609226
  11199.104      -0.43567504
  11200.104      -0.43535104
  11201.104      -0.43494155
  11202.104      -0.43462265
  11203.104      -0.43421719
  11204.104      -0.43389893
  11205.104      -0.43349161
  11206.104      -0.43316628
  11207.104      -0.43274944
  11208.104      -0.43241153
  11209.104      -0.43198184
  11210.104      -0.43162947
  11211.104      -0.43118628
  11212.104      -0.43081994
  11213.104      -0.43036496
  11214.104      -0.42998795
  11215.104      -0.42952668
  11216.104      -0.42914562
  11217.104      -0.42868388
  11218.104      -0.42830331
  11219.104      -0.42784501
  11220.104      -0.42746857
  11221.104      -0.42701739
  11222.104      -0.42664900
  11223.104      -0.42620967
  11224.104      -0.42585555
  11225.104      -0.42543501
  11226.104      -0.42510041
  11227.104      -0.42470131
  11228.104      -0.42438676
  11229.104      -0.42400797
  11230.104      -0.42371063
  11231.104      -0.42334746
  11232.104      -0.42306000
  11233.104      -0.42270091
  11234.104      -0.42240788
  11235.104      -0.42203837
  11236.104      -0.42172981
  11237.104      -0.42134377
  11238.104      -0.42101598
  11239.104      -0.42061174
  11240.104      -0.42026492
  11241.104      -0.41984478
  11242.104      -0.41948404
  11243.104      -0.41905645
  11244.104      -0.41869108
  11245.104      -0.41826350
  11246.104      -0.41789906
  11247.104      -0.41747617
  11248.104      -0.41711685
  11249.104      -0.41670277
  11250.104      -0.41635280
  11251.104      -0.41595256
  11252.104      -0.41561841
  11253.104      -0.41523895
  11254.104      -0.41492545
  11255.104      -0.41456874
  11256.104      -0.41427546
  11257.104      -0.41393913
  11258.104      -0.41366154
  11259.104      -0.41333868
  11260.104      -0.41306610
  11261.104      -0.41274011
  11262.104      -0.41245154
  11263.104      -0.41210436
  11264.104      -0.41178855
  11265.104      -0.41141433
  11266.104      -0.41106914
  11267.104      -0.41066918
  11268.104      -0.41029931
  11269.104      -0.40988272
  11270.104      -0.40950402
  11271.104      -0.40909439
  11272.104      -0.40873074
  11273.104      -0.40834479
  11274.104      -0.40800578
  11275.104      -0.40764855
  11276.104      -0.40733543
  11277.104      -0.40700472
  11278.104      -0.40671120
  11279.104      -0.40639494
  11280.104      -0.40610070
  11281.104      -0.40577530
  11282.104      -0.40546198
  11283.104      -0.40511681
  11284.104      -0.40477892
  11285.104      -0.40441247
  11286.104      -0.40405185
  11287.104      -0.40366987
  11288.104      -0.40329707
  11289.104      -0.40291803
  11290.104      -0.40255790
  11291.104      -0.40220460
  11292.104      -0.40187159
  11293.104      -0.40155210
  11294.104      -0.40124968
  11295.104      -0.40096390
  11296.104      -0.40068790
  11297.104      -0.40042738
  11298.104      -0.40016208
  11299.104      -0.39990284
  11300.104      -0.39962265
  11301.104      -0.39934672
  11302.104      -0.39904110
  11303.104      -0.39874334
  11304.104      -0.39841080
  11305.104      -0.39809381
  11306.104      -0.39774065
  11307.104      -0.39741678
  11308.104      -0.39706345
  11309.104      -0.39675891
  11310.104      -0.39642724
  11311.104      -0.39615614
  11312.104      -0.39585385
  11313.104      -0.39562037
  11314.104      -0.39534763
  11315.104      -0.39514895
  11316.104      -0.39489816
  11317.104      -0.39472091
  11318.104      -0.39447101
  11319.104      -0.39429431
  11320.104      -0.39402991
  11321.104      -0.39384502
  11322.104      -0.39356022
  11323.104      -0.39336494
  11324.104      -0.39305910
  11325.104      -0.39285641
  11326.104      -0.39253482
  11327.104      -0.39233581
  11328.104      -0.39201107
  11329.104      -0.39182804
  11330.104      -0.39150768
  11331.104      -0.39134761
  11332.104      -0.39103570
  11333.104      -0.39090373
  11334.104      -0.39060270
  11335.104      -0.39050299
  11336.104      -0.39021416
  11337.104      -0.39015036
  11338.104      -0.38987407
  11339.104      -0.38984947
  11340.104      -0.38958503
  11341.104      -0.38960270
  11342.104      -0.38934828
  11343.104      -0.38941104
  11344.104      -0.38916316
  11345.104      -0.38927292
  11346.104      -0.38902418
  11347.104      -0.38918162
  11348.104      -0.38892527
  11349.104      -0.38913846
  11350.104      -0.38887193
  11351.104      -0.38915688
  11352.104      -0.38887997
  11353.104      -0.38926290
  11354.104      -0.38897788
  11355.104      -0.38950217
  11356.104      -0.38921532
  11357.104      -0.38995258
  11358.104      -0.38966861
  11359.104      -0.39074342
  11360.104      -0.39046493
  11361.104      -0.39214677
  11362.104      -0.39187647
  11363.104      -0.39497485
  11364.104      -0.39473175
  11365.104      -0.40509339
