# data  : Cu 50K, bare autobk
# xmu: from skey ASCII of cu50k.dat
# using simple minimization
# e0 =  8977.58; pre-edge range =[   -50.0  -200.0]; edge step =  2.281
# k range=[  0.00 25.00]; k weight=  1.00; sills  dk1, dk2  =  0.00  0.00
# bkg r =[  0.00  0.98];   15 knots in spline
# Cu foil at 50K
# # cu50k.dat    : this file is part of the uwxafs 3.0 distribution
# data taken at NSLS beamline X-11A Sept 1992
# by M Newville, B Ravel, and Y Zhang
# foil of 99.999% Cu rolled and annealled to ~12 microns
# sample prepared by M Newville
# From X-11A :
# 2-SI111 HC/2D= 1977.260 STPDEG=6400. STPMMZ= 40. FOCUS=F TRANSLT=F
# E0= 8980.0 NREG= 3 NPTS= 619 NSCLRS= 3 EF=     .0
# SRB=   -197.6    -47.3     30.0   2381.3
# DEL=           10.020     .483     .050K
# SEC=             1.000    1.000    1.000
#---------------------------------------------------------------------
#     energy          xmu        
  0.8782347E+04   0.5052520E-02
  0.8792351E+04   -.1138269E-02
  0.8802377E+04   -.1125349E-02
  0.8812386E+04   -.1037389E-02
  0.8822417E+04   -.9244206E-03
  0.8832431E+04   -.9622232E-03
  0.8842467E+04   -.6475117E-03
  0.8852485E+04   -.5759907E-03
  0.8862484E+04   -.4797711E-03
  0.8872507E+04   -.3476000E-03
  0.8882553E+04   -.2035424E-03
  0.8892579E+04   0.5434098E-04
  0.8902586E+04   0.3285616E-03
  0.8912616E+04   0.6996412E-03
  0.8922627E+04   0.1304872E-02
  0.8932618E+04   0.2022597E-02
  0.8933133E+04   0.2062893E-02
  0.8933605E+04   0.2248941E-02
  0.8934077E+04   0.2235028E-02
  0.8934550E+04   0.2276843E-02
  0.8935065E+04   0.2332210E-02
  0.8935538E+04   0.2380583E-02
  0.8936011E+04   0.2470842E-02
  0.8936526E+04   0.2477321E-02
  0.8936998E+04   0.2514334E-02
  0.8937471E+04   0.2606108E-02
  0.8937944E+04   0.2597801E-02
  0.8938417E+04   0.2648500E-02
  0.8938976E+04   0.2699625E-02
  0.8939406E+04   0.2872560E-02
  0.8939878E+04   0.2848770E-02
  0.8940352E+04   0.2911300E-02
  0.8940910E+04   0.3022915E-02
  0.8941384E+04   0.3027647E-02
  0.8941814E+04   0.3091126E-02
  0.8942287E+04   0.3150866E-02
  0.8942847E+04   0.3170291E-02
  0.8943319E+04   0.3292009E-02
  0.8943793E+04   0.3375651E-02
  0.8944224E+04   0.3441587E-02
  0.8944740E+04   0.3532589E-02
  0.8945214E+04   0.3587829E-02
  0.8945688E+04   0.3764199E-02
  0.8946161E+04   0.3748738E-02
  0.8946678E+04   0.3855470E-02
  0.8947151E+04   0.3972636E-02
  0.8947626E+04   0.4065261E-02
  0.8948100E+04   0.4177045E-02
  0.8948573E+04   0.4301737E-02
  0.8949090E+04   0.4313462E-02
  0.8949564E+04   0.4415259E-02
  0.8950038E+04   0.4522601E-02
  0.8950513E+04   0.4708508E-02
  0.8950987E+04   0.4775892E-02
  0.8951504E+04   0.4834964E-02
  0.8951979E+04   0.5039841E-02
  0.8952453E+04   0.5059696E-02
  0.8952927E+04   0.5203698E-02
  0.8953444E+04   0.5402008E-02
  0.8953919E+04   0.5473782E-02
  0.8954394E+04   0.5714456E-02
  0.8954868E+04   0.5867832E-02
  0.8955343E+04   0.5888183E-02
  0.8955860E+04   0.6103111E-02
  0.8956336E+04   0.6231372E-02
  0.8956811E+04   0.6390313E-02
  0.8957285E+04   0.6654844E-02
  0.8957761E+04   0.6818326E-02
  0.8958278E+04   0.7074042E-02
  0.8958753E+04   0.7190602E-02
  0.8959229E+04   0.7425861E-02
  0.8959703E+04   0.7639231E-02
  0.8960179E+04   0.7862027E-02
  0.8960654E+04   0.8101651E-02
  0.8961172E+04   0.8373279E-02
  0.8961647E+04   0.8659804E-02
  0.8962123E+04   0.8965536E-02
  0.8962599E+04   0.9279261E-02
  0.8963074E+04   0.9576683E-02
  0.8963593E+04   0.9984832E-02
  0.8964068E+04   0.1044603E-01
  0.8964544E+04   0.1084486E-01
  0.8965020E+04   0.1120277E-01
  0.8965496E+04   0.1167502E-01
  0.8965972E+04   0.1224654E-01
  0.8966490E+04   0.1292999E-01
  0.8966967E+04   0.1345938E-01
  0.8967442E+04   0.1423980E-01
  0.8967919E+04   0.1500130E-01
  0.8968395E+04   0.1555348E-01
  0.8968914E+04   0.1653603E-01
  0.8969390E+04   0.1754187E-01
  0.8969866E+04   0.1859837E-01
  0.8970343E+04   0.2001702E-01
  0.8970819E+04   0.2118224E-01
  0.8971296E+04   0.2339008E-01
  0.8971772E+04   0.2471389E-01
  0.8972292E+04   0.2711766E-01
  0.8972769E+04   0.2938535E-01
  0.8973245E+04   0.3329526E-01
  0.8973722E+04   0.3722931E-01
  0.8974198E+04   0.4212162E-01
  0.8974675E+04   0.5087804E-01
  0.8975238E+04   0.6084541E-01
  0.8975715E+04   0.7120205E-01
  0.8976192E+04   0.9265352E-01
  0.8976626E+04   0.1315920E+00
  0.8977103E+04   0.1891828E+00
  0.8977580E+04   0.2920551E+00
  0.8978057E+04   0.3738382E+00
  0.8978621E+04   0.4550219E+00
  0.8979055E+04   0.4713765E+00
  0.8979531E+04   0.4856012E+00
  0.8980009E+04   0.4833331E+00
  0.8980486E+04   0.4731860E+00
  0.8980964E+04   0.4623721E+00
  0.8981441E+04   0.4564890E+00
  0.8981962E+04   0.4636106E+00
  0.8982440E+04   0.4743704E+00
  0.8982918E+04   0.4947519E+00
  0.8983396E+04   0.5176183E+00
  0.8983873E+04   0.5364135E+00
  0.8984352E+04   0.5521896E+00
  0.8984829E+04   0.5694087E+00
  0.8985307E+04   0.5964561E+00
  0.8985828E+04   0.6162181E+00
  0.8986307E+04   0.6438475E+00
  0.8986784E+04   0.6757286E+00
  0.8987263E+04   0.7205322E+00
  0.8987741E+04   0.7547000E+00
  0.8988219E+04   0.8025191E+00
  0.8988697E+04   0.8503073E+00
  0.8989176E+04   0.8846474E+00
  0.8989741E+04   0.9297900E+00
  0.8990220E+04   0.9687011E+00
  0.8990698E+04   0.1006949E+01
  0.8991133E+04   0.1029612E+01
  0.8991611E+04   0.1049341E+01
  0.8992090E+04   0.1052832E+01
  0.8992568E+04   0.1046642E+01
  0.8993048E+04   0.1036896E+01
  0.8993526E+04   0.1020404E+01
  0.8994049E+04   0.1001452E+01
  0.8994527E+04   0.9858077E+00
  0.8995007E+04   0.9681639E+00
  0.8995485E+04   0.9530532E+00
  0.8995965E+04   0.9446245E+00
  0.8996444E+04   0.9390136E+00
  0.8996924E+04   0.9363737E+00
  0.8997402E+04   0.9402133E+00
  0.8997882E+04   0.9491021E+00
  0.8998361E+04   0.9634845E+00
  0.8998884E+04   0.9928164E+00
  0.8999363E+04   0.1012358E+01
  0.8999843E+04   0.1032144E+01
  0.9000323E+04   0.1050725E+01
  0.9000803E+04   0.1069367E+01
  0.9001281E+04   0.1077100E+01
  0.9001762E+04   0.1075502E+01
  0.9002241E+04   0.1067373E+01
  0.9002721E+04   0.1052317E+01
  0.9003201E+04   0.1039399E+01
  0.9003681E+04   0.1024402E+01
  0.9004161E+04   0.1006490E+01
  0.9004685E+04   0.9855420E+00
  0.9005165E+04   0.9758519E+00
  0.9005645E+04   0.9599852E+00
  0.9006125E+04   0.9503354E+00
  0.9006605E+04   0.9398758E+00
  0.9007086E+04   0.9314079E+00
  0.9007566E+04   0.9194461E+00
  0.9008047E+04   0.9110404E+00
  0.9008526E+04   0.9024135E+00
  0.9009007E+04   0.8965148E+00
  0.9009487E+04   0.8929326E+00
  0.9009969E+04   0.8921324E+00
  0.9011062E+04   0.8967290E+00
  0.9012153E+04   0.9032258E+00
  0.9013290E+04   0.9149442E+00
  0.9014428E+04   0.9272310E+00
  0.9015565E+04   0.9496881E+00
  0.9016746E+04   0.9720234E+00
  0.9017928E+04   0.9897018E+00
  0.9019154E+04   0.1015160E+01
  0.9020380E+04   0.1039980E+01
  0.9021606E+04   0.1059572E+01
  0.9022877E+04   0.1074824E+01
  0.9024191E+04   0.1076937E+01
  0.9025507E+04   0.1062499E+01
  0.9026822E+04   0.1037495E+01
  0.9028183E+04   0.1010894E+01
  0.9029543E+04   0.9809303E+00
  0.9030903E+04   0.9592471E+00
  0.9032309E+04   0.9438653E+00
  0.9033759E+04   0.9336784E+00
  0.9035164E+04   0.9317158E+00
  0.9036659E+04   0.9363915E+00
  0.9038109E+04   0.9465909E+00
  0.9039604E+04   0.9562717E+00
  0.9041145E+04   0.9592327E+00
  0.9042686E+04   0.9551271E+00
  0.9044227E+04   0.9510473E+00
  0.9045812E+04   0.9543506E+00
  0.9047397E+04   0.9662257E+00
  0.9049029E+04   0.9784572E+00
  0.9050660E+04   0.9818876E+00
  0.9052292E+04   0.9797652E+00
  0.9053969E+04   0.9811351E+00
  0.9055646E+04   0.9909397E+00
  0.9057368E+04   0.1005235E+01
  0.9059091E+04   0.1017665E+01
  0.9060814E+04   0.1025648E+01
  0.9062627E+04   0.1033880E+01
  0.9064440E+04   0.1044401E+01
  0.9066166E+04   0.1058689E+01
  0.9067981E+04   0.1073828E+01
  0.9069842E+04   0.1085577E+01
  0.9071702E+04   0.1086565E+01
  0.9073563E+04   0.1075963E+01
  0.9075470E+04   0.1053545E+01
  0.9077377E+04   0.1023507E+01
  0.9079329E+04   0.9987385E+00
  0.9081283E+04   0.9795700E+00
  0.9083282E+04   0.9623558E+00
  0.9085237E+04   0.9536813E+00
  0.9087282E+04   0.9518529E+00
  0.9089283E+04   0.9425707E+00
  0.9091330E+04   0.9199907E+00
  0.9093423E+04   0.8984605E+00
  0.9095516E+04   0.8834527E+00
  0.9097654E+04   0.8806551E+00
  0.9099750E+04   0.8899147E+00
  0.9101891E+04   0.9064991E+00
  0.9104033E+04   0.9270504E+00
  0.9106221E+04   0.9506074E+00
  0.9108454E+04   0.9731452E+00
  0.9110644E+04   0.9870894E+00
  0.9112924E+04   0.9903119E+00
  0.9115160E+04   0.9839216E+00
  0.9117488E+04   0.9760754E+00
  0.9119728E+04   0.9743496E+00
  0.9122057E+04   0.9927352E+00
  0.9124389E+04   0.1035742E+01
  0.9126765E+04   0.1089438E+01
  0.9129144E+04   0.1116527E+01
  0.9131567E+04   0.1118116E+01
  0.9133993E+04   0.1105876E+01
  0.9136421E+04   0.1093789E+01
  0.9138850E+04   0.1079275E+01
  0.9141279E+04   0.1053442E+01
  0.9143756E+04   0.1018188E+01
  0.9146278E+04   0.9742722E+00
  0.9148803E+04   0.9284297E+00
  0.9151328E+04   0.8831941E+00
  0.9153899E+04   0.8441361E+00
  0.9156519E+04   0.8197851E+00
  0.9159094E+04   0.8174897E+00
  0.9161716E+04   0.8388363E+00
  0.9164384E+04   0.8772027E+00
  0.9167009E+04   0.9208598E+00
  0.9169726E+04   0.9640686E+00
  0.9172399E+04   0.9914961E+00
  0.9175119E+04   0.1006607E+01
  0.9177842E+04   0.1004112E+01
  0.9180610E+04   0.9878619E+00
  0.9183381E+04   0.9736975E+00
  0.9186198E+04   0.9667305E+00
  0.9188973E+04   0.9639878E+00
  0.9191840E+04   0.9523361E+00
  0.9194663E+04   0.9361793E+00
  0.9197533E+04   0.9333825E+00
  0.9200451E+04   0.9547021E+00
  0.9203326E+04   0.9961387E+00
  0.9206293E+04   0.1037964E+01
  0.9209217E+04   0.1051776E+01
  0.9212188E+04   0.1053516E+01
  0.9215161E+04   0.1046690E+01
  0.9218183E+04   0.1029146E+01
  0.9221206E+04   0.9968326E+00
  0.9224230E+04   0.9572815E+00
  0.9227304E+04   0.9203013E+00
  0.9230379E+04   0.8925830E+00
  0.9233456E+04   0.8758433E+00
  0.9236581E+04   0.8682632E+00
  0.9239755E+04   0.8716933E+00
  0.9242885E+04   0.8857485E+00
  0.9246063E+04   0.8956571E+00
  0.9249242E+04   0.8961440E+00
  0.9252471E+04   0.8992279E+00
  0.9255702E+04   0.9030671E+00
  0.9258935E+04   0.9054531E+00
  0.9262217E+04   0.9129862E+00
  0.9265500E+04   0.9272947E+00
  0.9268787E+04   0.9400684E+00
  0.9272122E+04   0.9491835E+00
  0.9275459E+04   0.9541176E+00
  0.9278847E+04   0.9554267E+00
  0.9282235E+04   0.9556755E+00
  0.9285627E+04   0.9605451E+00
  0.9289067E+04   0.9674234E+00
  0.9292511E+04   0.9761431E+00
  0.9295957E+04   0.9833093E+00
  0.9299451E+04   0.9747223E+00
  0.9302949E+04   0.9555730E+00
  0.9306449E+04   0.9372455E+00
  0.9310000E+04   0.9172094E+00
  0.9313553E+04   0.8992367E+00
  0.9317108E+04   0.8912254E+00
  0.9320713E+04   0.8943161E+00
  0.9324320E+04   0.9032338E+00
  0.9327979E+04   0.9099129E+00
  0.9331592E+04   0.9047162E+00
  0.9335256E+04   0.8887543E+00
  0.9338969E+04   0.8679041E+00
  0.9342732E+04   0.8592378E+00
  0.9346405E+04   0.8699665E+00
  0.9350128E+04   0.8809517E+00
  0.9353900E+04   0.8822208E+00
  0.9357677E+04   0.8875392E+00
  0.9361550E+04   0.8953542E+00
  0.9365332E+04   0.8996151E+00
  0.9369165E+04   0.9039326E+00
  0.9373048E+04   0.9086788E+00
  0.9376935E+04   0.9126644E+00
  0.9380824E+04   0.9168170E+00
  0.9384718E+04   0.9195274E+00
  0.9388662E+04   0.9212615E+00
  0.9392609E+04   0.9227448E+00
  0.9396561E+04   0.9238924E+00
  0.9400563E+04   0.9226832E+00
  0.9404567E+04   0.9160914E+00
  0.9408624E+04   0.9028469E+00
  0.9412685E+04   0.8863350E+00
  0.9416748E+04   0.8725013E+00
  0.9420815E+04   0.8677380E+00
  0.9424935E+04   0.8688874E+00
  0.9429057E+04   0.8737295E+00
  0.9433231E+04   0.8808218E+00
  0.9437361E+04   0.8849662E+00
  0.9441544E+04   0.8841657E+00
  0.9445777E+04   0.8786409E+00
  0.9449966E+04   0.8675912E+00
  0.9454208E+04   0.8569423E+00
  0.9458501E+04   0.8557134E+00
  0.9462750E+04   0.8600475E+00
  0.9467052E+04   0.8593473E+00
  0.9471406E+04   0.8548982E+00
  0.9475716E+04   0.8533636E+00
  0.9480078E+04   0.8542073E+00
  0.9484444E+04   0.8588989E+00
  0.9488863E+04   0.8660315E+00
  0.9493238E+04   0.8724720E+00
  0.9497714E+04   0.8796716E+00
  0.9502146E+04   0.8887486E+00
  0.9506630E+04   0.8959613E+00
  0.9511118E+04   0.8989697E+00
  0.9515661E+04   0.8961160E+00
  0.9520158E+04   0.8866516E+00
  0.9524709E+04   0.8691346E+00
  0.9529265E+04   0.8523691E+00
  0.9533825E+04   0.8451568E+00
  0.9538438E+04   0.8437201E+00
  0.9543105E+04   0.8438413E+00
  0.9547679E+04   0.8438369E+00
  0.9552355E+04   0.8451089E+00
  0.9557036E+04   0.8476068E+00
  0.9561722E+04   0.8487200E+00
  0.9566462E+04   0.8468407E+00
  0.9571256E+04   0.8455407E+00
  0.9575956E+04   0.8450205E+00
  0.9580760E+04   0.8425008E+00
  0.9585568E+04   0.8364038E+00
  0.9590382E+04   0.8340527E+00
  0.9595201E+04   0.8347764E+00
  0.9600024E+04   0.8351304E+00
  0.9604903E+04   0.8380663E+00
  0.9609786E+04   0.8404874E+00
  0.9614676E+04   0.8409895E+00
  0.9619619E+04   0.8417863E+00
  0.9624567E+04   0.8447787E+00
  0.9629521E+04   0.8487608E+00
  0.9634480E+04   0.8486267E+00
  0.9639496E+04   0.8462201E+00
  0.9644516E+04   0.8432561E+00
  0.9649541E+04   0.8403553E+00
  0.9654622E+04   0.8386348E+00
  0.9659708E+04   0.8356111E+00
  0.9664800E+04   0.8305729E+00
  0.9669897E+04   0.8271738E+00
  0.9675051E+04   0.8254954E+00
  0.9680210E+04   0.8247148E+00
  0.9685374E+04   0.8255011E+00
  0.9690646E+04   0.8239722E+00
  0.9695771E+04   0.8200246E+00
  0.9701004E+04   0.8192794E+00
  0.9706293E+04   0.8196753E+00
  0.9711537E+04   0.8187650E+00
  0.9716839E+04   0.8160730E+00
  0.9722146E+04   0.8142322E+00
  0.9727458E+04   0.8132392E+00
  0.9732828E+04   0.8107117E+00
  0.9738204E+04   0.8110512E+00
  0.9743586E+04   0.8128061E+00
  0.9748975E+04   0.8145817E+00
  0.9754420E+04   0.8182449E+00
  0.9759820E+04   0.8189951E+00
  0.9765278E+04   0.8189996E+00
  0.9770794E+04   0.8184668E+00
  0.9776265E+04   0.8158696E+00
  0.9781793E+04   0.8114502E+00
  0.9787379E+04   0.8086008E+00
  0.9792869E+04   0.8089215E+00
  0.9798469E+04   0.8100340E+00
  0.9804075E+04   0.8106096E+00
  0.9809688E+04   0.8106701E+00
  0.9815306E+04   0.8091626E+00
  0.9820932E+04   0.8053567E+00
  0.9826669E+04   0.8020198E+00
  0.9832308E+04   0.7990065E+00
  0.9838059E+04   0.7970656E+00
  0.9843815E+04   0.7965152E+00
  0.9849475E+04   0.7957463E+00
  0.9855245E+04   0.7943364E+00
  0.9861023E+04   0.7934691E+00
  0.9866860E+04   0.7924821E+00
  0.9872652E+04   0.7917663E+00
  0.9878504E+04   0.7921035E+00
  0.9884362E+04   0.7914458E+00
  0.9890228E+04   0.7912880E+00
  0.9896153E+04   0.7926114E+00
  0.9902086E+04   0.7937003E+00
  0.9908026E+04   0.7939026E+00
  0.9913974E+04   0.7933757E+00
  0.9919929E+04   0.7922892E+00
  0.9925944E+04   0.7910488E+00
  0.9931966E+04   0.7899459E+00
  0.9937997E+04   0.7890428E+00
  0.9944034E+04   0.7874899E+00
  0.9950079E+04   0.7853354E+00
  0.9956186E+04   0.7838026E+00
  0.9962300E+04   0.7828265E+00
  0.9968421E+04   0.7826466E+00
  0.9974550E+04   0.7827216E+00
  0.9980741E+04   0.7826125E+00
  0.9986940E+04   0.7805673E+00
  0.9993093E+04   0.7791554E+00
  0.9999361E+04   0.7791430E+00
  0.1000558E+05   0.7777529E+00
  0.1001187E+05   0.7760791E+00
  0.1001811E+05   0.7744370E+00
  0.1002441E+05   0.7733496E+00
  0.1003077E+05   0.7725950E+00
  0.1003709E+05   0.7716114E+00
  0.1004346E+05   0.7704045E+00
  0.1004980E+05   0.7699726E+00
  0.1005619E+05   0.7699360E+00
  0.1006260E+05   0.7711597E+00
  0.1006907E+05   0.7724677E+00
  0.1007549E+05   0.7721226E+00
  0.1008197E+05   0.7714531E+00
  0.1008846E+05   0.7700021E+00
  0.1009496E+05   0.7694351E+00
  0.1010153E+05   0.7686460E+00
  0.1010805E+05   0.7676207E+00
  0.1011463E+05   0.7662962E+00
  0.1012117E+05   0.7650738E+00
  0.1012777E+05   0.7639178E+00
  0.1013449E+05   0.7631303E+00
  0.1014105E+05   0.7626011E+00
  0.1014779E+05   0.7617130E+00
  0.1015437E+05   0.7611355E+00
  0.1016112E+05   0.7612743E+00
  0.1016789E+05   0.7603860E+00
  0.1017455E+05   0.7593421E+00
  0.1018128E+05   0.7580766E+00
  0.1018807E+05   0.7567034E+00
  0.1019487E+05   0.7557977E+00
  0.1020168E+05   0.7551669E+00
  0.1020850E+05   0.7545693E+00
  0.1021539E+05   0.7542645E+00
  0.1022223E+05   0.7542530E+00
  0.1022913E+05   0.7544408E+00
  0.1023610E+05   0.7543716E+00
  0.1024297E+05   0.7539847E+00
  0.1024991E+05   0.7530141E+00
  0.1025685E+05   0.7521842E+00
  0.1026386E+05   0.7520054E+00
  0.1027088E+05   0.7514731E+00
  0.1027791E+05   0.7509333E+00
  0.1028495E+05   0.7504351E+00
  0.1029200E+05   0.7497836E+00
  0.1029905E+05   0.7493320E+00
  0.1030624E+05   0.7487730E+00
  0.1031332E+05   0.7479684E+00
  0.1032041E+05   0.7472460E+00
  0.1032762E+05   0.7460632E+00
  0.1033473E+05   0.7450877E+00
  0.1034196E+05   0.7442896E+00
  0.1034921E+05   0.7435944E+00
  0.1035646E+05   0.7431285E+00
  0.1036361E+05   0.7429473E+00
  0.1037089E+05   0.7422587E+00
  0.1037817E+05   0.7415615E+00
  0.1038553E+05   0.7408599E+00
  0.1039284E+05   0.7401868E+00
  0.1040016E+05   0.7396320E+00
  0.1040754E+05   0.7393869E+00
  0.1041494E+05   0.7393779E+00
  0.1042235E+05   0.7391543E+00
  0.1042977E+05   0.7382604E+00
  0.1043720E+05   0.7374841E+00
  0.1044464E+05   0.7371708E+00
  0.1045215E+05   0.7366000E+00
  0.1045961E+05   0.7360103E+00
  0.1046714E+05   0.7359563E+00
  0.1047469E+05   0.7353541E+00
  0.1048224E+05   0.7350607E+00
  0.1048981E+05   0.7345223E+00
  0.1049744E+05   0.7340349E+00
  0.1050509E+05   0.7335562E+00
  0.1051263E+05   0.7329819E+00
  0.1052030E+05   0.7322651E+00
  0.1052798E+05   0.7315469E+00
  0.1053568E+05   0.7310291E+00
  0.1054338E+05   0.7304040E+00
  0.1055110E+05   0.7299373E+00
  0.1055883E+05   0.7291647E+00
  0.1056663E+05   0.7284815E+00
  0.1057438E+05   0.7278668E+00
  0.1058220E+05   0.7274381E+00
  0.1059004E+05   0.7270733E+00
  0.1059788E+05   0.7266044E+00
  0.1060580E+05   0.7264394E+00
  0.1061361E+05   0.7260420E+00
  0.1062150E+05   0.7254569E+00
  0.1062945E+05   0.7250566E+00
  0.1063736E+05   0.7247190E+00
  0.1064534E+05   0.7244880E+00
  0.1065327E+05   0.7239799E+00
  0.1066127E+05   0.7235761E+00
  0.1066929E+05   0.7230217E+00
  0.1067732E+05   0.7225066E+00
  0.1068536E+05   0.7221273E+00
  0.1069347E+05   0.7217545E+00
  0.1070154E+05   0.7214385E+00
  0.1070968E+05   0.7211237E+00
  0.1071777E+05   0.7208065E+00
  0.1072594E+05   0.7204215E+00
  0.1073412E+05   0.7199990E+00
  0.1074237E+05   0.7196870E+00
  0.1075045E+05   0.7191666E+00
  0.1075873E+05   0.7186729E+00
  0.1076696E+05   0.7180704E+00
  0.1077526E+05   0.7176567E+00
  0.1078345E+05   0.7173517E+00
  0.1079178E+05   0.7168175E+00
  0.1080013E+05   0.7166517E+00
  0.1080842E+05   0.7165506E+00
  0.1081679E+05   0.7163765E+00
  0.1082518E+05   0.7160414E+00
  0.1083357E+05   0.7157396E+00
  0.1084198E+05   0.7152905E+00
  0.1085041E+05   0.7150770E+00
  0.1085884E+05   0.7146674E+00
  0.1086736E+05   0.7145285E+00
  0.1087582E+05   0.7141600E+00
  0.1088430E+05   0.7140431E+00
  0.1089285E+05   0.7134908E+00
  0.1090142E+05   0.7133018E+00
  0.1090994E+05   0.7129129E+00
  0.1091853E+05   0.7126964E+00
  0.1092721E+05   0.7124472E+00
  0.1093577E+05   0.7123467E+00
  0.1094440E+05   0.7120966E+00
  0.1095312E+05   0.7118339E+00
  0.1096179E+05   0.7114850E+00
  0.1097053E+05   0.7112704E+00
  0.1097916E+05   0.7109097E+00
  0.1098793E+05   0.7106525E+00
  0.1099665E+05   0.7103488E+00
  0.1100545E+05   0.7100199E+00
  0.1101427E+05   0.7097566E+00
  0.1102303E+05   0.7095826E+00
  0.1103188E+05   0.7095113E+00
  0.1104074E+05   0.7092731E+00
  0.1104961E+05   0.7091351E+00
  0.1105850E+05   0.7090710E+00
  0.1106740E+05   0.7088248E+00
  0.1107631E+05   0.7088550E+00
  0.1108525E+05   0.7084997E+00
  0.1109426E+05   0.7082862E+00
  0.1110322E+05   0.7086034E+00
  0.1111226E+05   0.7080564E+00
  0.1112125E+05   0.7079079E+00
  0.1113032E+05   0.7078748E+00
  0.1113934E+05   0.7076903E+00
  0.1114851E+05   0.7075421E+00
  0.1115756E+05   0.7073560E+00
  0.1116663E+05   0.7073846E+00
  0.1117578E+05   0.7073064E+00
  0.1118501E+05   0.7071329E+00
  0.1119412E+05   0.7070414E+00
  0.1120331E+05   0.7068240E+00
  0.1121259E+05   0.7069507E+00
  0.1122174E+05   0.7067510E+00
  0.1123098E+05   0.7066564E+00
  0.1124031E+05   0.7066233E+00
  0.1124965E+05   0.7065601E+00
  0.1125887E+05   0.7065818E+00
  0.1126824E+05   0.7066296E+00
  0.1127755E+05   0.7064078E+00
  0.1128696E+05   0.7065783E+00
  0.1129638E+05   0.7065019E+00
  0.1130574E+05   0.7064156E+00
  0.1131519E+05   0.7065353E+00
  0.1132466E+05   0.7064372E+00
  0.1133400E+05   0.7064935E+00
  0.1134350E+05   0.7065004E+00
  0.1135301E+05   0.7066249E+00
  0.1136254E+05   0.7066211E+00
