 name:     yttrium barium copper oxide ( 123 ,  ybco)             Feff  7.023
 formula:  YBa2Cu3O7
 sites:    Y1,Ba1,Cu1,Cu2,O1-4
 refer1:   Sharma, et al, Physica C 174, p.409, (1991)
 refer2:   Cava,  et al,  Physica C 165, p.419, (1990)
 notes:    high-temperature superconductor
 Abs   Z=29 Rmt= 1.003 Rnm= 1.266 K  shell
 Pot 1 Z= 8 Rmt= 0.960 Rnm= 1.125
 Pot 2 Z=56 Rmt= 1.770 Rnm= 1.956
 Pot 3 Z=29 Rmt= 1.003 Rnm= 1.266
 Pot 4 Z=39 Rmt= 1.474 Rnm= 1.805
 Gam_ch=1.761E+00 H-L exch
 Mu=-5.406E+00 kf=1.838E+00 Vint=-1.828E+01 Rs_int= 1.973
 S02  1.000  Temp   30.00  Debye temp  210.00  Global sig2  0.00000
 Curved wave amplitude ratio filter   4.000%
    file         sig2 tot  cw amp ratio   deg  nlegs   reff  inp sig2
          1       0.00943    100.00      2.00     2   1.8596
          2       0.00982     90.65      2.00     2   1.9406
          3       0.01650     15.57      8.00     3   3.2441
          4       0.00412    100.00      8.00     2   3.4612
          5       0.02249      9.12      2.00     3   3.7193
          6       0.02249      8.67      2.00     4   3.7193
          7       0.03772      4.01      2.00     4   3.7193
          8       0.00567     12.12      2.00     2   3.8120
          9       0.00568     11.59      2.00     2   3.8813
         10       0.02255      7.75      2.00     3   3.8813
         11       0.00568     31.06      4.00     3   3.8813
         12       0.02255      7.17      2.00     4   3.8813
         14       0.00568     20.69      2.00     4   3.8813
         15       0.00760     13.83     16.00     3   4.0277
         16       0.00566      9.93      2.00     2   4.1273
         17       0.00566     25.99      4.00     3   4.1273
         18       0.00566     16.82      2.00     4   4.1273
         19       0.00814     10.49     16.00     3   4.1340
         20       0.01431     14.71      4.00     2   4.2414
         21       0.01430     14.36      4.00     2   4.2775
         22       0.01429     14.11      4.00     2   4.3038
         23       0.01491     14.04      8.00     3   4.4661
         24       0.01968      4.97      8.00     4   4.5942
         25       0.01843      5.26      4.00     4   4.6285
         26       0.01411     10.30      4.00     2   4.7976
         27       0.01411     10.22      4.00     2   4.8104
         28       0.01474     12.53      8.00     3   4.9176
         29       0.01475     12.18      8.00     3   4.9340
         30       0.01748      5.11      4.00     4   5.0377
         31       0.01758      4.93      4.00     4   5.0577
         32       0.01204     11.86     16.00     3   5.0791
         33       0.01196      9.35     16.00     3   5.1133
         34       0.01210     10.38     16.00     3   5.2186
         35       0.01217     10.55     16.00     3   5.2498
         36       0.01219      9.19     16.00     3   5.3024
         40       0.00551      9.57      4.00     2   5.4402
         41       0.01266      9.14     16.00     3   5.6144
         42       0.00553      8.75      4.00     2   5.6183
         43       0.01265      8.96     16.00     3   5.6197
         44       0.00553      8.55      4.00     2   5.6656
         45       0.01409     11.93      8.00     2   5.7492
         48       0.01411      6.11      4.00     3   5.8219
         49       0.01411      5.18      4.00     3   5.8219
         53       0.01411      6.43      4.00     4   5.8219
         54       0.01411      5.58      4.00     4   5.8219
         60       0.01411      6.94      4.00     5   5.8219
         61       0.01411      6.71      4.00     5   5.8219
         63       0.01411      4.19      2.00     6   5.8219
         66       0.01364     16.83     16.00     3   5.9725
         73       0.01423      9.73      8.00     2   6.1376
         74       0.01425      9.56      8.00     2   6.1710
         75       0.01624      4.20     16.00     3   6.1771
         76       0.02204      4.65      8.00     3   6.1781
         77       0.01467      6.76      8.00     4   6.1958
         78       0.01399     17.77     16.00     3   6.2781
         79       0.01401     17.73     16.00     3   6.3064
         82       0.00418     19.64      8.00     2   6.4064
         83       0.01463      9.21      8.00     4   6.4185
         84       0.00487     15.35      8.00     2   6.4244
         85       0.01463      9.33      8.00     4   6.4419
         86       0.01598      4.34     16.00     3   6.4865
         87       0.00419     18.92      8.00     2   6.4892
         88       0.01601      4.22     16.00     3   6.5235
         89       0.00561     11.21     16.00     3   6.5443
         92       0.00503     12.55     16.00     3   6.6273
         93       0.01558      4.73     16.00     4   6.6270
         95       0.01563      4.66     16.00     4   6.6590
         97       0.00585      4.85     16.00     3   6.6912
         99       0.00580      4.82     16.00     3   6.7638
        100       0.00780      4.51      8.00     4   6.7654
        103       0.00487      9.07     16.00     3   6.7827
        106       0.00577     10.01      8.00     2   6.8286
        107       0.00577     41.66     16.00     3   6.8292
        108       0.00577     45.78      8.00     4   6.8297
        109       0.00421      9.67     16.00     3   6.8398
        111       0.00421      9.41     16.00     3   6.9158
        112       0.00268      8.32      8.00     3   6.9225
        113       0.00268      6.40      8.00     4   6.9225
   78/ 105 paths used
 xsedge+100, used to normalize mu           2.5363E-04
 -----------------------------------------------------------------------
  e, e(wrt edge), k, mu=(1+chi)*mu0, mu0, chi @#
    8980.718    -10.457  -1.150  3.73357E-02  4.14255E-02 -9.87265E-02
    8981.151    -10.024  -1.100  3.99826E-02  4.47741E-02 -1.07013E-01
    8981.557     -9.618  -1.050  4.28659E-02  4.84749E-02 -1.15709E-01
    8981.944     -9.231  -1.000  4.60743E-02  5.26556E-02 -1.24987E-01
    8982.330     -8.845  -0.950  4.98621E-02  5.76719E-02 -1.35417E-01
    8982.664     -8.511  -0.900  5.37318E-02  6.28821E-02 -1.45515E-01
    8982.997     -8.178  -0.850  5.83316E-02  6.91811E-02 -1.56828E-01
    8983.330     -7.845  -0.800  6.38960E-02  7.69447E-02 -1.69585E-01
    8983.619     -7.556  -0.750  6.97520E-02  8.52715E-02 -1.82001E-01
    8983.898     -7.278  -0.700  7.66581E-02  9.52799E-02 -1.95443E-01
    8984.151     -7.025  -0.650  8.43448E-02  1.06635E-01 -2.09030E-01
    8984.392     -6.784  -0.600  9.33678E-02  1.20215E-01 -2.23325E-01
    8984.603     -6.572  -0.550  1.03125E-01  1.35156E-01 -2.36995E-01
    8984.815     -6.360  -0.500  1.15157E-01  1.53868E-01 -2.51586E-01
    8984.978     -6.197  -0.450  1.26407E-01  1.71565E-01 -2.63214E-01
    8985.137     -6.038  -0.400  1.39450E-01  1.92218E-01 -2.74522E-01
    8985.296     -5.879  -0.350  1.54862E-01  2.16649E-01 -2.85196E-01
    8985.372     -5.803  -0.300  1.63129E-01  2.29707E-01 -2.89839E-01
    8985.426     -5.749  -0.250  1.69323E-01  2.39448E-01 -2.92858E-01
    8985.480     -5.696  -0.200  1.75813E-01  2.49601E-01 -2.95625E-01
    8985.533     -5.642  -0.150  1.82589E-01  2.60136E-01 -2.98100E-01
    8985.587     -5.588  -0.100  1.89637E-01  2.71006E-01 -3.00249E-01
    8985.640     -5.535  -0.050  1.96935E-01  2.82159E-01 -3.02043E-01
    8985.694     -5.481   0.000  2.04455E-01  2.93528E-01 -3.03456E-01
    8985.748     -5.427   0.050  2.12165E-01  3.05041E-01 -3.04471E-01
    8985.801     -5.374   0.100  2.20027E-01  3.16621E-01 -3.05078E-01
    8985.875     -5.300   0.150  2.31046E-01  3.32558E-01 -3.05244E-01
    8985.973     -5.203   0.200  2.45672E-01  3.53133E-01 -3.04306E-01
    8986.070     -5.105   0.250  2.60259E-01  3.72933E-01 -3.02131E-01
    8986.167     -5.008   0.300  2.74631E-01  3.91672E-01 -2.98825E-01
    8986.264     -4.911   0.350  2.88674E-01  4.09177E-01 -2.94501E-01
    8986.386     -4.789   0.400  3.05749E-01  4.29307E-01 -2.87808E-01
    8986.560     -4.615   0.450  3.28949E-01  4.54531E-01 -2.76290E-01
    8986.734     -4.442   0.500  3.50909E-01  4.76187E-01 -2.63086E-01
    8986.929     -4.246   0.550  3.74217E-01  4.97050E-01 -2.47124E-01
    8987.152     -4.024   0.600  3.98983E-01  5.17279E-01 -2.28690E-01
    8987.382     -3.793   0.650  4.22576E-01  5.35240E-01 -2.10492E-01
    8987.644     -3.531   0.700  4.46748E-01  5.52962E-01 -1.92082E-01
    8987.920     -3.255   0.750  4.68945E-01  5.69350E-01 -1.76350E-01
    8988.231     -2.944   0.800  4.89684E-01  5.85751E-01 -1.64006E-01
    8988.542     -2.633   0.850  5.05788E-01  6.00557E-01 -1.57802E-01
    8988.857     -2.318   0.900  5.17335E-01  6.14336E-01 -1.57896E-01
    8989.224     -1.951   0.950  5.24665E-01  6.29212E-01 -1.66155E-01
    8989.592     -1.584   1.000  5.25346E-01  6.43081E-01 -1.83079E-01
    8989.976     -1.199   1.050  5.19828E-01  6.56732E-01 -2.08463E-01
    8990.392     -0.783   1.100  5.10182E-01  6.70689E-01 -2.39317E-01
    8990.809     -0.367   1.150  5.03245E-01  6.83935E-01 -2.64191E-01
    8991.266      0.091   1.200  5.07641E-01  6.97788E-01 -2.72500E-01
    8991.726      0.551   1.250  5.31129E-01  7.11055E-01 -2.53041E-01
    8992.217      1.042   1.300  5.77908E-01  7.24558E-01 -2.02399E-01
    8992.716      1.541   1.350  6.42597E-01  7.37682E-01 -1.28896E-01
    8993.244      2.069   1.400  7.19164E-01  7.50913E-01 -4.22803E-02
    8993.781      2.606   1.450  7.94888E-01  7.63726E-01  4.08022E-02
    8994.349      3.173   1.500  8.63684E-01  7.76633E-01  1.12088E-01
    8994.925      3.749   1.550  9.15982E-01  7.89075E-01  1.60831E-01
    8995.528      4.353   1.600  9.49979E-01  8.01427E-01  1.85359E-01
    8996.147      4.971   1.650  9.64527E-01  8.13400E-01  1.85797E-01
    8996.781      5.606   1.700  9.63191E-01  8.24966E-01  1.67552E-01
    8997.442      6.267   1.750  9.51894E-01  8.36291E-01  1.38233E-01
    8998.117      6.942   1.800  9.38210E-01  8.47103E-01  1.07551E-01
    8998.809      7.634   1.850  9.29431E-01  8.57416E-01  8.39915E-02
    8999.527      8.352   1.900  9.31096E-01  8.67325E-01  7.35268E-02
    9000.261      9.085   1.950  9.45878E-01  8.76639E-01  7.89813E-02
    9001.011      9.836   2.000  9.73318E-01  8.85333E-01  9.93805E-02
    9001.781     10.606   2.050  1.01055E+00  8.93347E-01  1.31198E-01
    9002.574     11.399   2.100  1.05275E+00  9.00577E-01  1.68974E-01
    9003.384     12.209   2.150  1.09298E+00  9.06864E-01  2.05226E-01
    9004.212     13.037   2.200  1.12439E+00  9.12424E-01  2.32312E-01
    9005.059     13.884   2.250  1.14256E+00  9.17797E-01  2.44897E-01
    9005.925     14.750   2.300  1.14882E+00  9.23619E-01  2.43820E-01
    9006.810     15.635   2.350  1.14936E+00  9.30314E-01  2.35454E-01
    9007.716     16.540   2.400  1.14743E+00  9.37890E-01  2.23413E-01
    9008.640     17.465   2.450  1.14273E+00  9.45997E-01  2.07960E-01
    9009.583     18.408   2.500  1.13422E+00  9.54282E-01  1.88559E-01
    9010.545     19.370   2.550  1.12111E+00  9.62459E-01  1.64840E-01
    9011.526     20.351   2.600  1.10312E+00  9.70274E-01  1.36916E-01
    9012.526     21.351   2.650  1.08063E+00  9.77488E-01  1.05517E-01
    9013.546     22.370   2.700  1.05475E+00  9.83950E-01  7.19505E-02
    9014.583     23.408   2.750  1.02733E+00  9.89670E-01  3.80549E-02
    9015.640     24.465   2.800  1.00047E+00  9.94725E-01  5.77620E-03
    9016.716     25.541   2.850  9.75880E-01  9.99115E-01 -2.32557E-02
    9017.839     26.662   2.900  9.54263E-01  1.00290E+00 -4.84947E-02
    9018.966     27.788   2.950  9.37223E-01  1.00623E+00 -6.85785E-02
    9020.094     28.914   3.000  9.24763E-01  1.00929E+00 -8.37473E-02
    9021.221     30.040   3.050  9.16185E-01  1.01199E+00 -9.46689E-02
    9022.416     31.234   3.100  9.10085E-01  1.01418E+00 -1.02641E-01
    9023.618     32.436   3.150  9.06015E-01  1.01597E+00 -1.08223E-01
    9024.821     33.638   3.200  9.03278E-01  1.01753E+00 -1.12283E-01
    9026.023     34.840   3.250  9.01402E-01  1.01880E+00 -1.15232E-01
    9027.293     36.111   3.300  9.00179E-01  1.01958E+00 -1.17105E-01
    9028.570     37.389   3.350  9.00546E-01  1.02001E+00 -1.17125E-01
    9029.848     38.668   3.400  9.03580E-01  1.02030E+00 -1.14398E-01
    9031.125     39.946   3.450  9.09942E-01  1.02042E+00 -1.08266E-01
    9032.472     41.292   3.500  9.20218E-01  1.02024E+00 -9.80348E-02
    9033.827     42.647   3.550  9.34344E-01  1.01987E+00 -8.38604E-02
    9035.182     44.001   3.600  9.51607E-01  1.01941E+00 -6.65159E-02
    9036.537     45.356   3.650  9.70421E-01  1.01884E+00 -4.75262E-02
    9037.959     46.779   3.700  9.89604E-01  1.01802E+00 -2.79091E-02
    9039.389     48.210   3.750  1.00697E+00  1.01706E+00 -9.91508E-03
    9040.819     49.640   3.800  1.02129E+00  1.01604E+00  5.16030E-03
    9042.249     51.071   3.850  1.03164E+00  1.01499E+00  1.64123E-02
    9043.749     52.570   3.900  1.03779E+00  1.01381E+00  2.36496E-02
    9045.256     54.077   3.950  1.03956E+00  1.01259E+00  2.66332E-02
    9046.764     55.584   4.000  1.03757E+00  1.01136E+00  2.59178E-02
    9048.271     57.091   4.050  1.03260E+00  1.01014E+00  2.22339E-02
    9049.846     58.666   4.100  1.02534E+00  1.00892E+00  1.62734E-02
    9051.428     60.249   4.150  1.01704E+00  1.00772E+00  9.25243E-03
    9053.011     61.832   4.200  1.00893E+00  1.00653E+00  2.38817E-03
    9054.593     63.415   4.250  1.00238E+00  1.00538E+00 -2.98247E-03
    9056.245     65.067   4.300  9.98742E-01  1.00431E+00 -5.54106E-03
    9057.905     66.726   4.350  9.99081E-01  1.00329E+00 -4.19577E-03
    9059.565     68.385   4.400  1.00372E+00  1.00230E+00  1.42143E-03
    9061.225     70.045   4.450  1.01243E+00  1.00136E+00  1.10517E-02
    9062.952     71.772   4.500  1.02479E+00  1.00056E+00  2.42158E-02
    9064.687     73.508   4.550  1.03882E+00  9.99842E-01  3.89876E-02
    9066.422     75.243   4.600  1.05247E+00  9.99153E-01  5.33665E-02
    9068.157     76.979   4.650  1.06387E+00  9.98527E-01  6.54420E-02
    9069.961     78.783   4.700  1.07191E+00  9.98069E-01  7.39840E-02
    9071.774     80.594   4.750  1.07513E+00  9.97699E-01  7.76114E-02
    9073.586     82.406   4.800  1.07324E+00  9.97360E-01  7.60771E-02
    9075.399     84.218   4.850  1.06668E+00  9.97077E-01  6.98076E-02
    9077.279     86.098   4.900  1.05605E+00  9.96946E-01  5.92842E-02
    9079.166     87.986   4.950  1.04216E+00  9.96891E-01  4.54127E-02
    9081.054     89.874   5.000  1.02584E+00  9.96863E-01  2.90702E-02
    9082.941     91.762   5.050  1.00807E+00  9.96886E-01  1.12148E-02
    9084.898     93.718   5.100  9.89412E-01  9.97067E-01 -7.67697E-03
    9086.863     95.682   5.150  9.71512E-01  9.97319E-01 -2.58763E-02
    9088.828     97.646   5.200  9.55911E-01  9.97595E-01 -4.17840E-02
    9090.793     99.610   5.250  9.44325E-01  9.97915E-01 -5.37020E-02
    9092.825    101.643   5.300  9.38150E-01  9.98386E-01 -6.03334E-02
    9094.865    103.683   5.350  9.38598E-01  9.98921E-01 -6.03878E-02
    9096.905    105.723   5.400  9.45524E-01  9.99474E-01 -5.39785E-02
    9098.945    107.764   5.450  9.57613E-01  1.00006E+00 -4.24428E-02
    9101.052    109.872   5.500  9.73048E-01  1.00077E+00 -2.76959E-02
    9103.167    111.989   5.550  9.88793E-01  1.00152E+00 -1.27052E-02
    9105.282    114.105   5.600  1.00223E+00  1.00228E+00 -5.26891E-05
    9107.397    116.222   5.650  1.01158E+00  1.00306E+00  8.49049E-03
    9109.581    118.407   5.700  1.01640E+00  1.00393E+00  1.24195E-02
    9111.774    120.599   5.750  1.01702E+00  1.00483E+00  1.21366E-02
    9113.966    122.792   5.800  1.01487E+00  1.00572E+00  9.09754E-03
    9116.159    124.985   5.850  1.01162E+00  1.00662E+00  4.97312E-03
    9118.421    127.246   5.900  1.00849E+00  1.00754E+00  9.42394E-04
    9120.691    129.515   5.950  1.00609E+00  1.00845E+00 -2.34440E-03
    9122.961    131.784   6.000  1.00424E+00  1.00937E+00 -5.07865E-03
    9125.231    134.053   6.050  1.00228E+00  1.01026E+00 -7.89905E-03
    9127.568    136.390   6.100  9.99512E-01  1.01112E+00 -1.14836E-02
    9129.913    138.735   6.150  9.96025E-01  1.01196E+00 -1.57478E-02
    9132.258    141.080   6.200  9.92623E-01  1.01279E+00 -1.99096E-02
    9134.603    143.425   6.250  9.90668E-01  1.01358E+00 -2.26092E-02
    9137.017    145.838   6.300  9.91634E-01  1.01430E+00 -2.23438E-02
    9139.440    148.260   6.350  9.96715E-01  1.01497E+00 -1.79846E-02
    9141.862    150.681   6.400  1.00593E+00  1.01562E+00 -9.54536E-03
    9144.285    153.103   6.450  1.01800E+00  1.01624E+00  1.72910E-03
    9146.774    155.592   6.500  1.03089E+00  1.01673E+00  1.39315E-02
    9149.272    158.090   6.550  1.04189E+00  1.01716E+00  2.43116E-02
    9151.769    160.587   6.600  1.04885E+00  1.01757E+00  3.07459E-02
    9154.267    163.085   6.650  1.05074E+00  1.01793E+00  3.22375E-02
    9156.831    165.650   6.700  1.04777E+00  1.01811E+00  2.91248E-02
    9159.404    168.224   6.750  1.04146E+00  1.01823E+00  2.28145E-02
    9161.976    170.798   6.800  1.03396E+00  1.01831E+00  1.53643E-02
    9164.549    173.372   6.850  1.02718E+00  1.01832E+00  8.69667E-03
    9167.242    176.065   6.900  1.02188E+00  1.01800E+00  3.81782E-03
    9169.949    178.772   6.950  1.01837E+00  1.01755E+00  8.08013E-04
    9172.656    181.479   7.000  1.01580E+00  1.01708E+00 -1.25663E-03
    9175.363    184.186   7.050  1.01301E+00  1.01660E+00 -3.52424E-03
    9178.070    186.893   7.100  1.00926E+00  1.01611E+00 -6.74330E-03
    9180.777    189.600   7.150  1.00464E+00  1.01561E+00 -1.08089E-02
    9183.484    192.307   7.200  1.00018E+00  1.01511E+00 -1.47036E-02
    9186.191    195.014   7.250  9.97474E-01  1.01460E+00 -1.68777E-02
    9188.898    197.722   7.300  9.97918E-01  1.01407E+00 -1.59243E-02
    9191.605    200.429   7.350  1.00197E+00  1.01345E+00 -1.13272E-02
    9194.483    203.306   7.400  1.00886E+00  1.01240E+00 -3.50284E-03
    9197.381    206.204   7.450  1.01693E+00  1.01121E+00  5.65837E-03
    9200.279    209.101   7.500  1.02385E+00  1.01000E+00  1.37182E-02
    9203.177    211.999   7.550  1.02734E+00  1.00877E+00  1.84104E-02
    9206.075    214.897   7.600  1.02611E+00  1.00754E+00  1.84350E-02
    9208.973    217.794   7.650  1.02032E+00  1.00630E+00  1.39264E-02
    9211.871    220.692   7.700  1.01149E+00  1.00506E+00  6.39281E-03
    9214.769    223.589   7.750  1.00197E+00  1.00382E+00 -1.84323E-03
    9217.667    226.487   7.800  9.94058E-01  1.00257E+00 -8.48812E-03
    9220.565    229.385   7.850  9.89194E-01  1.00129E+00 -1.20800E-02
    9223.633    232.453   7.900  9.87353E-01  9.99798E-01 -1.24468E-02
    9226.721    235.541   7.950  9.87730E-01  9.98250E-01 -1.05391E-02
    9229.809    238.629   8.000  9.88613E-01  9.96696E-01 -8.10971E-03
    9232.897    241.717   8.050  9.88418E-01  9.95138E-01 -6.75283E-03
    9235.985    244.805   8.100  9.86392E-01  9.93579E-01 -7.23320E-03
    9239.073    247.893   8.150  9.82928E-01  9.92019E-01 -9.16394E-03
    9242.161    250.981   8.200  9.79381E-01  9.90460E-01 -1.11850E-02
    9245.249    254.069   8.250  9.77460E-01  9.88902E-01 -1.15703E-02
    9248.337    257.157   8.300  9.78449E-01  9.87351E-01 -9.01603E-03
    9251.425    260.246   8.350  9.82547E-01  9.85830E-01 -3.33077E-03
    9254.683    263.504   8.400  9.88970E-01  9.84400E-01  4.64219E-03
    9257.962    266.783   8.450  9.95538E-01  9.83016E-01  1.27388E-02
    9261.241    270.061   8.500  9.99997E-01  9.81640E-01  1.87005E-02
    9264.520    273.340   8.550  1.00070E+00  9.80268E-01  2.08381E-02
    9267.799    276.618   8.600  9.97158E-01  9.78899E-01  1.86523E-02
    9271.078    279.897   8.650  9.90261E-01  9.77533E-01  1.30209E-02
    9274.357    283.176   8.700  9.81894E-01  9.76170E-01  5.86397E-03
    9277.636    286.454   8.750  9.74249E-01  9.74814E-01 -5.79050E-04
    9280.915    289.733   8.800  9.69018E-01  9.73471E-01 -4.57464E-03
    9284.194    293.011   8.850  9.66843E-01  9.72198E-01 -5.50743E-03
    9287.643    296.460   8.900  9.67418E-01  9.71262E-01 -3.95793E-03
    9291.112    299.929   8.950  9.68958E-01  9.70444E-01 -1.53102E-03
    9294.581    303.398   9.000  9.69589E-01  9.69644E-01 -5.65623E-05
    9298.050    306.867   9.050  9.68111E-01  9.68851E-01 -7.64015E-04
    9301.519    310.336   9.100  9.64404E-01  9.68064E-01 -3.78101E-03
    9304.988    313.805   9.150  9.59479E-01  9.67280E-01 -8.06480E-03
    9308.457    317.274   9.200  9.55084E-01  9.66501E-01 -1.18127E-02
    9311.926    320.743   9.250  9.52992E-01  9.65728E-01 -1.31878E-02
    9315.395    324.212   9.300  9.54282E-01  9.64968E-01 -1.10740E-02
    9318.864    327.681   9.350  9.58867E-01  9.64271E-01 -5.60351E-03
    9322.503    331.321   9.400  9.65907E-01  9.63924E-01  2.05687E-03
    9326.162    334.980   9.450  9.73041E-01  9.63690E-01  9.70336E-03
    9329.821    338.640   9.500  9.78134E-01  9.63471E-01  1.52188E-02
    9333.480    342.300   9.550  9.79810E-01  9.63259E-01  1.71819E-02
    9337.139    345.959   9.600  9.77813E-01  9.63051E-01  1.53280E-02
    9340.798    349.619   9.650  9.73030E-01  9.62845E-01  1.05781E-02
    9344.457    353.278   9.700  9.67099E-01  9.62642E-01  4.62961E-03
    9348.116    356.938   9.750  9.61758E-01  9.62442E-01 -7.10039E-04
    9351.775    360.598   9.800  9.58224E-01  9.62247E-01 -4.18022E-03
    9355.434    364.257   9.850  9.56819E-01  9.62075E-01 -5.46300E-03
    9359.264    368.087   9.900  9.57081E-01  9.62044E-01 -5.15883E-03
    9363.114    371.937   9.950  9.57777E-01  9.62056E-01 -4.44796E-03
    9366.964    375.787  10.000  9.57738E-01  9.62074E-01 -4.50777E-03
    9370.813    379.637  10.050  9.56396E-01  9.62095E-01 -5.92263E-03
    9374.663    383.487  10.100  9.54012E-01  9.62116E-01 -8.42273E-03
    9378.513    387.336  10.150  9.51564E-01  9.62137E-01 -1.09886E-02
    9382.363    391.186  10.200  9.50343E-01  9.62158E-01 -1.22803E-02
    9386.212    395.036  10.250  9.51392E-01  9.62178E-01 -1.12106E-02
    9390.062    398.886  10.300  9.55049E-01  9.62196E-01 -7.42734E-03
    9393.912    402.736  10.350  9.60719E-01  9.62198E-01 -1.53736E-03
    9397.933    406.756  10.400  9.67157E-01  9.62098E-01  5.25922E-03
    9401.974    410.797  10.450  9.72737E-01  9.61967E-01  1.11958E-02
    9406.015    414.838  10.500  9.76146E-01  9.61833E-01  1.48815E-02
    9410.056    418.878  10.550  9.76734E-01  9.61697E-01  1.56363E-02
    9414.097    422.919  10.600  9.74702E-01  9.61559E-01  1.36686E-02
    9418.138    426.959  10.650  9.70954E-01  9.61420E-01  9.91648E-03
    9422.179    431.000  10.700  9.66695E-01  9.61279E-01  5.63393E-03
    9426.220    435.041  10.750  9.62963E-01  9.61136E-01  1.90076E-03
    9430.261    439.081  10.800  9.60274E-01  9.60986E-01 -7.41200E-04
    9434.302    443.122  10.850  9.58513E-01  9.60805E-01 -2.38544E-03
    9438.513    447.333  10.900  9.56925E-01  9.60391E-01 -3.60872E-03
    9442.744    451.564  10.950  9.55063E-01  9.59913E-01 -5.05306E-03
    9446.975    455.795  11.000  9.52646E-01  9.59428E-01 -7.06899E-03
    9451.206    460.026  11.050  9.49877E-01  9.58939E-01 -9.45034E-03
    9455.437    464.257  11.100  9.47456E-01  9.58449E-01 -1.14688E-02
    9459.668    468.488  11.150  9.46309E-01  9.57956E-01 -1.21586E-02
    9463.899    472.719  11.200  9.47182E-01  9.57461E-01 -1.07366E-02
    9468.130    476.950  11.250  9.50282E-01  9.56964E-01 -6.98223E-03
    9472.361    481.181  11.300  9.55105E-01  9.56462E-01 -1.41820E-03
    9476.592    485.413  11.350  9.60483E-01  9.55933E-01  4.75989E-03
    9481.163    489.984  11.400  9.65018E-01  9.55154E-01  1.03266E-02
    9485.775    494.596  11.450  9.67477E-01  9.54316E-01  1.37919E-02
    9490.387    499.208  11.500  9.67262E-01  9.53470E-01  1.44650E-02
    9494.999    503.821  11.550  9.64461E-01  9.52622E-01  1.24271E-02
    9499.611    508.433  11.600  9.59844E-01  9.51773E-01  8.48032E-03
    9504.223    513.045  11.650  9.54576E-01  9.50923E-01  3.84142E-03
    9508.835    517.657  11.700  9.49792E-01  9.50072E-01 -2.94179E-04
    9513.447    522.269  11.750  9.46237E-01  9.49220E-01 -3.14228E-03
    9518.059    526.881  11.800  9.44070E-01  9.48368E-01 -4.53183E-03
    9522.671    531.493  11.850  9.42915E-01  9.47516E-01 -4.85526E-03
    9527.283    536.105  11.900  9.42114E-01  9.46663E-01 -4.80505E-03
    9531.895    540.717  11.950  9.41066E-01  9.45810E-01 -5.01610E-03
    9536.507    545.329  12.000  9.39510E-01  9.44957E-01 -5.76442E-03
    9541.119    549.942  12.050  9.37644E-01  9.44104E-01 -6.84276E-03
    9545.731    554.554  12.100  9.36028E-01  9.43251E-01 -7.65735E-03
    9550.343    559.166  12.150  9.35331E-01  9.42398E-01 -7.49840E-03
    9554.955    563.778  12.200  9.36019E-01  9.41544E-01 -5.86860E-03
    9559.567    568.390  12.250  9.38120E-01  9.40691E-01 -2.73336E-03
    9564.179    573.002  12.300  9.41161E-01  9.39837E-01  1.40836E-03
    9568.791    577.614  12.350  9.44299E-01  9.38984E-01  5.66024E-03
    9573.403    582.226  12.400  9.46590E-01  9.38131E-01  9.01734E-03
    9578.015    586.838  12.450  9.47302E-01  9.37278E-01  1.06956E-02
    9582.627    591.450  12.500  9.46143E-01  9.36425E-01  1.03782E-02
    9587.239    596.063  12.550  9.43330E-01  9.35572E-01  8.29283E-03
    9591.851    600.675  12.600  9.39487E-01  9.34720E-01  5.10016E-03
    9596.463    605.287  12.650  9.35407E-01  9.33868E-01  1.64758E-03
    9601.075    609.899  12.700  9.31793E-01  9.33018E-01 -1.31260E-03
    9605.687    614.511  12.750  9.29061E-01  9.32170E-01 -3.33564E-03
    9610.299    619.123  12.800  9.27268E-01  9.31328E-01 -4.35846E-03
    9614.911    623.735  12.850  9.26208E-01  9.30515E-01 -4.62891E-03
    9619.949    628.773  12.900  9.25670E-01  9.29887E-01 -4.53476E-03
    9625.038    633.861  12.950  9.25263E-01  9.29317E-01 -4.36228E-03
    9630.126    638.950  13.000  9.24820E-01  9.28753E-01 -4.23512E-03
    9635.215    644.038  13.050  9.24424E-01  9.28192E-01 -4.05930E-03
    9640.303    649.126  13.100  9.24291E-01  9.27632E-01 -3.60256E-03
    9645.392    654.215  13.150  9.24624E-01  9.27074E-01 -2.64184E-03
    9650.480    659.303  13.200  9.25490E-01  9.26515E-01 -1.10717E-03
    9655.569    664.391  13.250  9.26739E-01  9.25958E-01  8.43663E-04
    9660.657    669.480  13.300  9.28039E-01  9.25400E-01  2.85207E-03
    9665.746    674.568  13.350  9.28981E-01  9.24843E-01  4.47528E-03
    9670.834    679.657  13.400  9.29223E-01  9.24285E-01  5.34261E-03
    9675.923    684.745  13.450  9.28611E-01  9.23728E-01  5.28649E-03
    9681.011    689.833  13.500  9.27229E-01  9.23171E-01  4.39564E-03
    9686.100    694.922  13.550  9.25356E-01  9.22614E-01  2.97167E-03
    9691.188    700.010  13.600  9.23358E-01  9.22057E-01  1.41044E-03
    9696.277    705.098  13.650  9.21555E-01  9.21501E-01  5.91187E-05
    9701.365    710.187  13.700  9.20121E-01  9.20944E-01 -8.93308E-04
    9706.454    715.275  13.750  9.19052E-01  9.20387E-01 -1.45105E-03
    9711.542    720.363  13.800  9.18208E-01  9.19831E-01 -1.76427E-03
    9716.631    725.452  13.850  9.17415E-01  9.19277E-01 -2.02499E-03
    9722.060    730.881  13.900  9.16523E-01  9.18703E-01 -2.37247E-03
    9727.529    736.350  13.950  9.15564E-01  9.18128E-01 -2.79278E-03
    9732.999    741.819  14.000  9.14674E-01  9.17554E-01 -3.13903E-03
    9738.468    747.288  14.050  9.14057E-01  9.16980E-01 -3.18788E-03
    9743.938    752.758  14.100  9.13890E-01  9.16406E-01 -2.74646E-03
    9749.407    758.227  14.150  9.14226E-01  9.15833E-01 -1.75454E-03
    9754.877    763.696  14.200  9.14952E-01  9.15259E-01 -3.35490E-04
    9760.346    769.166  14.250  9.15807E-01  9.14685E-01  1.22690E-03
    9765.816    774.635  14.300  9.16467E-01  9.14111E-01  2.57748E-03
    9771.285    780.104  14.350  9.16651E-01  9.13537E-01  3.40948E-03
    9776.755    785.574  14.400  9.16219E-01  9.12962E-01  3.56729E-03
    9782.224    791.043  14.450  9.15210E-01  9.12388E-01  3.09265E-03
    9787.694    796.512  14.500  9.13817E-01  9.11813E-01  2.19784E-03
    9793.163    801.981  14.550  9.12313E-01  9.11238E-01  1.17916E-03
    9798.633    807.451  14.600  9.10943E-01  9.10663E-01  3.06920E-04
    9804.102    812.920  14.650  9.09847E-01  9.10087E-01 -2.64302E-04
    9809.572    818.389  14.700  9.09027E-01  9.09511E-01 -5.31929E-04
    9815.041    823.859  14.750  9.08371E-01  9.08933E-01 -6.17975E-04
    9820.511    829.328  14.800  9.07721E-01  9.08352E-01 -6.94105E-04
    9825.980    834.797  14.850  9.06942E-01  9.07752E-01 -8.92068E-04
    9831.790    840.607  14.900  9.05792E-01  9.06930E-01 -1.25449E-03
    9837.640    846.458  14.950  9.04527E-01  9.06059E-01 -1.69141E-03
    9843.490    852.308  15.000  9.03339E-01  9.05185E-01 -2.03906E-03
    9849.340    858.158  15.050  9.02391E-01  9.04309E-01 -2.12105E-03
    9855.190    864.009  15.100  9.01785E-01  9.03432E-01 -1.82267E-03
    9861.040    869.859  15.150  9.01522E-01  9.02554E-01 -1.14332E-03
    9866.890    875.709  15.200  9.01492E-01  9.01677E-01 -2.04636E-04
    9872.740    881.560  15.250  9.01508E-01  9.00799E-01  7.88133E-04
    9878.590    887.410  15.300  9.01373E-01  8.99920E-01  1.61483E-03
    9884.440    893.260  15.350  9.00940E-01  8.99042E-01  2.11171E-03
    9890.290    899.111  15.400  9.00156E-01  8.98163E-01  2.21821E-03
    9896.140    904.961  15.450  8.99064E-01  8.97285E-01  1.98318E-03
    9901.990    910.811  15.500  8.97779E-01  8.96406E-01  1.53166E-03
    9907.840    916.662  15.550  8.96431E-01  8.95528E-01  1.00887E-03
    9913.690    922.512  15.600  8.95120E-01  8.94649E-01  5.25770E-04
    9919.540    928.362  15.650  8.93885E-01  8.93771E-01  1.27759E-04
    9925.390    934.213  15.700  8.92712E-01  8.92893E-01 -2.03035E-04
    9931.240    940.063  15.750  8.91555E-01  8.92016E-01 -5.16803E-04
    9937.090    945.914  15.800  8.90380E-01  8.91140E-01 -8.53101E-04
    9942.940    951.764  15.850  8.89200E-01  8.90274E-01 -1.20664E-03
    9949.131    957.955  15.900  8.88092E-01  8.89457E-01 -1.53485E-03
    9955.363    964.186  15.950  8.87125E-01  8.88658E-01 -1.72512E-03
    9961.595    970.417  16.000  8.86367E-01  8.87860E-01 -1.68237E-03
    9967.827    976.649  16.050  8.85854E-01  8.87063E-01 -1.36347E-03
    9974.059    982.880  16.100  8.85556E-01  8.86267E-01 -8.01769E-04
    9980.291    989.111  16.150  8.85380E-01  8.85471E-01 -1.03004E-04
    9986.523    995.343  16.200  8.85194E-01  8.84675E-01  5.86936E-04
    9992.755   1001.574  16.250  8.84877E-01  8.83879E-01  1.12922E-03
    9998.987   1007.805  16.300  8.84351E-01  8.83083E-01  1.43523E-03
   10005.219   1014.037  16.350  8.83602E-01  8.82288E-01  1.48895E-03
   10011.451   1020.268  16.400  8.82675E-01  8.81492E-01  1.34126E-03
   10017.683   1026.499  16.450  8.81649E-01  8.80697E-01  1.08055E-03
   10023.915   1032.730  16.500  8.80600E-01  8.79902E-01  7.93357E-04
   10030.147   1038.962  16.550  8.79575E-01  8.79107E-01  5.32227E-04
   10036.379   1045.193  16.600  8.78579E-01  8.78312E-01  3.03275E-04
   10042.611   1051.424  16.650  8.77586E-01  8.77518E-01  7.70579E-05
   10048.843   1057.656  16.700  8.76563E-01  8.76724E-01 -1.84188E-04
   10055.075   1063.887  16.750  8.75497E-01  8.75932E-01 -4.96529E-04
   10061.307   1070.118  16.800  8.74411E-01  8.75142E-01 -8.35729E-04
   10067.539   1076.350  16.850  8.73374E-01  8.74369E-01 -1.13886E-03
   10074.109   1082.922  16.900  8.72574E-01  8.73742E-01 -1.33664E-03
   10080.719   1089.534  16.950  8.71975E-01  8.73151E-01 -1.34661E-03
   10087.329   1096.147  17.000  8.71575E-01  8.72564E-01 -1.13277E-03
   10093.939   1102.759  17.050  8.71353E-01  8.71978E-01 -7.17061E-04
   10100.549   1109.372  17.100  8.71238E-01  8.71393E-01 -1.77344E-04
   10107.159   1115.984  17.150  8.71134E-01  8.70808E-01  3.74705E-04
   10113.769   1122.597  17.200  8.70943E-01  8.70223E-01  8.27491E-04
   10120.379   1129.209  17.250  8.70597E-01  8.69639E-01  1.10230E-03
   10126.989   1135.822  17.300  8.70074E-01  8.69054E-01  1.17299E-03
   10133.599   1142.434  17.350  8.69396E-01  8.68470E-01  1.06633E-03
   10140.209   1149.047  17.400  8.68619E-01  8.67886E-01  8.44541E-04
   10146.819   1155.659  17.450  8.67804E-01  8.67302E-01  5.78484E-04
   10153.429   1162.272  17.500  8.66998E-01  8.66718E-01  3.22798E-04
   10160.039   1168.884  17.550  8.66222E-01  8.66134E-01  1.02381E-04
   10166.649   1175.497  17.600  8.65475E-01  8.65549E-01 -8.59697E-05
   10173.259   1182.109  17.650  8.64740E-01  8.64965E-01 -2.59650E-04
   10179.869   1188.722  17.700  8.64007E-01  8.64380E-01 -4.31942E-04
   10186.479   1195.334  17.750  8.63279E-01  8.63795E-01 -5.98338E-04
   10193.089   1201.947  17.800  8.62576E-01  8.63210E-01 -7.33743E-04
   10199.699   1208.559  17.850  8.61928E-01  8.62619E-01 -8.01937E-04
   10206.654   1215.512  17.900  8.61277E-01  8.61944E-01 -7.73316E-04
   10213.649   1222.505  17.950  8.60712E-01  8.61252E-01 -6.27473E-04
   10220.644   1229.498  18.000  8.60235E-01  8.60560E-01 -3.78476E-04
   10227.639   1236.491  18.050  8.59808E-01  8.59868E-01 -6.88486E-05
   10234.634   1243.484  18.100  8.59383E-01  8.59175E-01  2.42598E-04
   10241.629   1250.477  18.150  8.58909E-01  8.58482E-01  4.98175E-04
   10248.624   1257.470  18.200  8.58353E-01  8.57788E-01  6.57670E-04
   10255.619   1264.463  18.250  8.57702E-01  8.57095E-01  7.07659E-04
   10262.614   1271.456  18.300  8.56968E-01  8.56402E-01  6.60855E-04
   10269.609   1278.449  18.350  8.56176E-01  8.55708E-01  5.46791E-04
   10276.604   1285.442  18.400  8.55355E-01  8.55015E-01  3.98466E-04
   10283.599   1292.435  18.450  8.54527E-01  8.54321E-01  2.40825E-04
   10290.594   1299.428  18.500  8.53700E-01  8.53627E-01  8.55851E-05
   10297.589   1306.421  18.550  8.52877E-01  8.52934E-01 -6.62820E-05
   10304.584   1313.414  18.600  8.52055E-01  8.52240E-01 -2.16661E-04
   10311.579   1320.407  18.650  8.51238E-01  8.51546E-01 -3.61568E-04
   10318.574   1327.400  18.700  8.50438E-01  8.50852E-01 -4.86328E-04
   10325.569   1334.393  18.750  8.49675E-01  8.50158E-01 -5.67361E-04
   10332.564   1341.386  18.800  8.48971E-01  8.49464E-01 -5.80072E-04
   10339.559   1348.379  18.850  8.48338E-01  8.48770E-01 -5.09105E-04
   10346.893   1355.713  18.900  8.47754E-01  8.48047E-01 -3.45419E-04
   10354.268   1363.087  18.950  8.47231E-01  8.47320E-01 -1.05126E-04
   10361.643   1370.462  19.000  8.46724E-01  8.46594E-01  1.53585E-04
   10369.018   1377.836  19.050  8.46174E-01  8.45867E-01  3.62956E-04
   10376.393   1385.211  19.100  8.45543E-01  8.45141E-01  4.75362E-04
   10383.768   1392.585  19.150  8.44821E-01  8.44414E-01  4.81436E-04
   10391.143   1399.960  19.200  8.44032E-01  8.43688E-01  4.08635E-04
   10398.518   1407.334  19.250  8.43216E-01  8.42961E-01  3.02367E-04
   10405.893   1414.709  19.300  8.42403E-01  8.42234E-01  2.01004E-04
   10413.268   1422.083  19.350  8.41607E-01  8.41507E-01  1.18660E-04
   10420.643   1429.458  19.400  8.40818E-01  8.40780E-01  4.43189E-05
   10428.018   1436.832  19.450  8.40017E-01  8.40053E-01 -4.37418E-05
   10435.393   1444.207  19.500  8.39194E-01  8.39327E-01 -1.57824E-04
   10442.768   1451.581  19.550  8.38359E-01  8.38600E-01 -2.87182E-04
   10450.143   1458.956  19.600  8.37539E-01  8.37873E-01 -3.98788E-04
   10457.518   1466.330  19.650  8.36768E-01  8.37147E-01 -4.51934E-04
   10464.893   1473.705  19.700  8.36071E-01  8.36421E-01 -4.18424E-04
   10472.268   1481.079  19.750  8.35447E-01  8.35696E-01 -2.97447E-04
   10479.643   1488.454  19.800  8.34875E-01  8.34974E-01 -1.17638E-04
   10487.018   1495.828  19.850  8.34328E-01  8.34269E-01  7.10478E-05
   10494.733   1503.543  19.900  8.33925E-01  8.33760E-01  1.97860E-04
   10502.488   1511.299  19.950  8.33518E-01  8.33294E-01  2.68283E-04
   10510.243   1519.054  20.000  8.33070E-01  8.32832E-01  2.86241E-04
   10517.998   1526.810  20.050  8.32594E-01  8.32370E-01  2.69143E-04
   10525.753   1534.565  20.100  8.32114E-01  8.31910E-01  2.45511E-04
   10533.508   1542.321  20.150  8.31649E-01  8.31449E-01  2.40146E-04
   10541.263   1550.076  20.200  8.31205E-01  8.30989E-01  2.60899E-04
   10549.018   1557.832  20.250  8.30773E-01  8.30528E-01  2.94622E-04
   10556.773   1565.587  20.300  8.30328E-01  8.30067E-01  3.14534E-04
   10564.528   1573.343  20.350  8.29851E-01  8.29606E-01  2.95097E-04
   10572.283   1581.098  20.400  8.29333E-01  8.29145E-01  2.26531E-04
   10580.038   1588.854  20.450  8.28784E-01  8.28683E-01  1.21192E-04
   10587.793   1596.609  20.500  8.28229E-01  8.28222E-01  8.34537E-06
   10595.548   1604.365  20.550  8.27693E-01  8.27760E-01 -7.99715E-05
   10603.303   1612.120  20.600  8.27194E-01  8.27297E-01 -1.24566E-04
   10611.058   1619.876  20.650  8.26729E-01  8.26834E-01 -1.27891E-04
   10618.813   1627.631  20.700  8.26280E-01  8.26372E-01 -1.11369E-04
   10626.568   1635.387  20.750  8.25824E-01  8.25909E-01 -1.02678E-04
   10634.323   1643.142  20.800  8.25348E-01  8.25447E-01 -1.19908E-04
   10642.078   1650.898  20.850  8.24861E-01  8.24994E-01 -1.61197E-04
   10650.173   1658.994  20.900  8.24483E-01  8.24654E-01 -2.07094E-04
   10658.308   1667.130  20.950  8.24155E-01  8.24338E-01 -2.22374E-04
   10666.443   1675.266  21.000  8.23867E-01  8.24023E-01 -1.88977E-04
   10674.578   1683.402  21.050  8.23620E-01  8.23707E-01 -1.06346E-04
   10682.713   1691.538  21.100  8.23397E-01  8.23391E-01  7.04055E-06
   10690.848   1699.674  21.150  8.23172E-01  8.23074E-01  1.19211E-04
   10698.983   1707.810  21.200  8.22917E-01  8.22755E-01  1.96919E-04
   10707.118   1715.946  21.250  8.22616E-01  8.22436E-01  2.19286E-04
   10715.253   1724.082  21.300  8.22268E-01  8.22114E-01  1.86501E-04
   10723.388   1732.218  21.350  8.21889E-01  8.21791E-01  1.19251E-04
   10731.523   1740.354  21.400  8.21506E-01  8.21466E-01  4.88413E-05
   10739.658   1748.490  21.450  8.21141E-01  8.21138E-01  2.44972E-06
   10747.793   1756.626  21.500  8.20801E-01  8.20809E-01 -9.46856E-06
   10755.928   1764.762  21.550  8.20478E-01  8.20476E-01  2.54669E-06
   10764.063   1772.898  21.600  8.20151E-01  8.20140E-01  1.33313E-05
   10772.198   1781.034  21.650  8.19799E-01  8.19801E-01 -2.76239E-06
   10780.333   1789.170  21.700  8.19411E-01  8.19458E-01 -5.68080E-05
   10788.468   1797.306  21.750  8.18998E-01  8.19110E-01 -1.36962E-04
   10796.603   1805.442  21.800  8.18584E-01  8.18757E-01 -2.11543E-04
   10804.738   1813.578  21.850  8.18197E-01  8.18399E-01 -2.46585E-04
